# Instancia 4: Grafo Grande e Denso
# Gerado para testes de desempenho
500
1 2 1.1
2 3 17.47
1 4 2.22
4 5 9.42
5 6 11.2
2 7 6.99
2 8 3.92
8 9 18.45
7 10 1.18
9 11 3.42
6 12 13.25
6 13 18.97
5 14 1.47
14 15 12.61
5 16 12.67
1 17 12.09
9 18 13.37
1 19 14.33
16 20 11.5
7 21 17.02
19 22 12.28
1 23 9.84
3 24 10.65
12 25 10.23
2 26 16.76
17 27 2.25
24 28 13.59
23 29 19.85
26 30 13.22
7 31 15.37
14 32 10.57
29 33 19.39
27 34 6.77
10 35 15.75
19 36 13.81
8 37 11.27
25 38 11.44
27 39 19.16
11 40 5.49
27 41 13.17
18 42 17.23
14 43 14.35
41 44 9.15
2 45 3.54
17 46 2.58
33 47 15.35
16 48 2.12
27 49 3.85
28 50 6.08
7 51 3.36
5 52 16.47
45 53 1.09
6 54 2.59
26 55 15.15
5 56 15.71
36 57 16.97
22 58 16.52
58 59 13.35
7 60 5.11
48 61 3.74
25 62 1.4
1 63 4.72
57 64 7.78
15 65 2.07
21 66 15.0
60 67 13.55
36 68 14.48
12 69 2.54
6 70 14.81
45 71 12.54
65 72 11.79
13 73 8.42
67 74 10.85
21 75 4.03
41 76 3.16
30 77 15.34
8 78 14.53
35 79 6.79
36 80 13.06
44 81 8.83
74 82 19.06
41 83 7.19
17 84 7.26
66 85 5.66
34 86 18.62
83 87 2.08
47 88 10.11
59 89 1.2
78 90 3.23
64 91 9.48
47 92 7.39
69 93 6.0
71 94 6.29
38 95 17.64
87 96 15.18
47 97 6.38
60 98 8.75
51 99 2.98
45 100 7.81
73 101 16.52
16 102 4.6
75 103 7.0
34 104 11.02
40 105 14.19
76 106 2.27
32 107 18.6
69 108 11.23
85 109 13.7
4 110 5.86
77 111 15.46
87 112 6.57
69 113 10.68
106 114 18.06
83 115 8.03
29 116 19.98
66 117 14.08
85 118 16.24
66 119 10.38
103 120 13.55
64 121 16.81
9 122 18.85
31 123 1.85
97 124 14.22
100 125 6.58
19 126 12.65
110 127 12.36
67 128 13.74
32 129 17.53
19 130 7.09
69 131 13.77
119 132 16.26
33 133 2.55
66 134 5.69
83 135 8.29
124 136 6.71
80 137 11.42
2 138 1.56
55 139 10.67
111 140 3.19
7 141 8.36
19 142 19.02
84 143 8.89
87 144 18.07
100 145 6.24
113 146 2.99
65 147 11.93
15 148 13.63
46 149 2.57
79 150 7.84
129 151 9.89
7 152 19.61
37 153 14.61
138 154 4.95
108 155 12.52
42 156 13.18
122 157 8.45
93 158 6.18
90 159 4.95
78 160 15.26
42 161 15.98
22 162 4.25
126 163 11.84
111 164 4.35
40 165 19.33
155 166 14.02
131 167 13.47
61 168 12.49
60 169 5.09
38 170 5.43
101 171 5.55
142 172 14.37
96 173 1.34
87 174 2.2
1 175 2.72
114 176 9.41
132 177 13.32
164 178 8.31
70 179 9.83
85 180 12.11
83 181 10.97
124 182 4.4
32 183 14.09
175 184 11.79
62 185 18.43
130 186 10.13
32 187 2.74
100 188 15.26
149 189 19.57
63 190 8.76
115 191 4.55
119 192 8.96
56 193 12.59
22 194 1.65
183 195 10.47
186 196 5.06
178 197 6.08
179 198 10.23
5 199 14.59
198 200 9.6
200 201 16.97
85 202 11.7
193 203 14.85
127 204 3.82
128 205 9.23
106 206 5.99
3 207 10.87
18 208 8.45
50 209 8.17
135 210 8.78
153 211 8.09
82 212 16.47
202 213 4.93
185 214 10.66
73 215 7.26
73 216 2.8
195 217 6.27
15 218 11.3
129 219 6.4
38 220 5.16
136 221 17.91
94 222 2.33
60 223 16.7
16 224 11.56
191 225 1.73
60 226 5.53
100 227 3.73
85 228 18.28
62 229 2.67
143 230 3.21
52 231 16.48
90 232 14.45
158 233 15.61
149 234 19.22
36 235 12.49
40 236 15.31
51 237 15.25
200 238 19.33
24 239 13.54
178 240 19.0
157 241 14.49
32 242 12.29
106 243 3.26
135 244 2.49
84 245 16.59
48 246 6.86
193 247 8.02
39 248 18.69
201 249 14.69
29 250 17.46
17 251 2.97
233 252 9.35
36 253 11.33
76 254 3.55
174 255 1.94
56 256 2.89
126 257 11.03
16 258 10.49
203 259 13.91
213 260 13.9
183 261 10.04
202 262 11.73
218 263 17.53
239 264 8.54
92 265 18.38
253 266 12.03
11 267 13.68
254 268 2.21
184 269 16.25
76 270 13.16
89 271 4.11
221 272 9.11
216 273 17.21
234 274 7.86
240 275 4.28
268 276 1.13
46 277 6.96
122 278 17.16
233 279 14.41
228 280 15.25
20 281 18.16
152 282 8.74
222 283 3.14
120 284 13.96
31 285 19.23
271 286 1.91
120 287 5.65
111 288 17.76
188 289 8.84
34 290 7.06
13 291 14.39
256 292 10.47
243 293 19.89
273 294 9.11
262 295 12.04
216 296 4.97
216 297 4.84
132 298 12.41
31 299 3.59
206 300 10.55
85 301 2.61
223 302 5.7
230 303 18.72
293 304 15.84
235 305 2.89
285 306 1.72
167 307 12.07
175 308 5.11
137 309 15.7
36 310 17.87
23 311 2.61
249 312 5.43
285 313 13.65
291 314 1.55
136 315 11.59
205 316 14.93
274 317 2.17
108 318 10.68
114 319 14.26
264 320 10.72
2 321 13.46
155 322 5.25
233 323 15.54
234 324 12.78
207 325 16.61
195 326 2.22
124 327 2.97
182 328 6.16
269 329 5.27
29 330 7.54
296 331 5.83
29 332 3.71
217 333 1.51
258 334 9.15
293 335 19.89
113 336 17.08
271 337 9.77
115 338 18.06
289 339 10.79
279 340 8.56
324 341 5.51
338 342 14.86
105 343 14.68
23 344 10.01
307 345 13.66
284 346 17.78
234 347 17.73
23 348 13.67
267 349 4.52
330 350 5.35
77 351 17.86
254 352 3.54
284 353 19.1
58 354 16.57
53 355 15.14
58 356 8.75
295 357 17.99
202 358 9.6
358 359 17.91
296 360 12.05
65 361 9.26
181 362 16.99
60 363 8.41
134 364 5.9
268 365 15.4
118 366 5.13
171 367 10.4
349 368 6.33
285 369 12.32
10 370 12.68
125 371 15.98
200 372 19.81
258 373 10.56
28 374 11.17
156 375 2.0
252 376 7.92
207 377 14.35
225 378 19.89
23 379 2.71
306 380 19.89
350 381 10.69
301 382 4.86
21 383 10.05
306 384 6.34
269 385 16.14
229 386 16.79
151 387 15.51
50 388 19.81
47 389 7.87
168 390 10.81
31 391 2.04
136 392 16.07
8 393 6.61
134 394 4.7
291 395 18.11
311 396 13.74
322 397 4.94
283 398 17.9
131 399 1.51
239 400 7.03
16 401 9.16
25 402 3.67
30 403 16.79
339 404 7.3
177 405 7.87
56 406 4.12
252 407 15.91
248 408 12.22
142 409 3.71
23 410 14.96
388 411 13.57
218 412 2.64
303 413 11.01
238 414 4.34
374 415 4.01
268 416 9.03
217 417 5.3
172 418 17.0
200 419 5.27
308 420 8.73
341 421 12.28
225 422 6.83
1 423 6.06
316 424 7.99
235 425 5.94
337 426 13.3
39 427 15.82
80 428 16.04
202 429 17.82
46 430 19.79
44 431 13.13
138 432 10.01
134 433 6.61
260 434 2.78
292 435 12.68
226 436 15.88
242 437 16.75
257 438 12.58
120 439 1.32
300 440 14.48
176 441 7.55
422 442 11.49
209 443 19.72
434 444 4.05
109 445 16.2
298 446 11.39
344 447 10.85
230 448 8.88
50 449 2.44
46 450 18.58
389 451 1.43
418 452 18.54
288 453 18.91
136 454 16.68
120 455 8.95
440 456 15.86
284 457 16.86
52 458 9.76
249 459 15.38
37 460 8.85
106 461 5.04
286 462 11.11
194 463 15.46
30 464 19.7
172 465 10.29
60 466 5.99
341 467 7.78
314 468 10.39
350 469 4.7
429 470 13.22
467 471 10.88
124 472 4.1
390 473 13.23
383 474 2.45
355 475 11.04
82 476 15.75
361 477 11.23
163 478 18.63
257 479 6.91
149 480 9.6
435 481 5.63
178 482 5.13
139 483 10.78
325 484 12.02
144 485 14.41
220 486 14.74
347 487 3.33
479 488 3.63
398 489 5.9
241 490 6.93
347 491 18.3
170 492 8.32
361 493 1.53
360 494 6.03
471 495 11.61
296 496 16.08
39 497 16.73
230 498 15.58
288 499 9.56
307 500 7.34
1 21 6.4
1 94 15.9
1 157 14.04
1 161 13.76
1 170 11.43
1 178 7.53
1 203 1.72
1 205 6.81
1 227 17.57
1 248 19.55
1 255 6.14
1 313 13.08
1 329 8.16
1 330 14.78
1 339 13.27
1 347 6.86
1 348 16.87
1 392 12.14
1 416 9.5
1 455 5.4
1 460 9.1
1 485 15.67
2 28 14.2
2 72 18.38
2 99 13.23
2 146 7.15
2 149 1.45
2 158 9.8
2 225 3.14
2 260 18.32
2 286 7.53
2 292 2.35
2 299 17.84
2 318 15.12
2 349 11.22
2 350 11.08
2 381 17.88
2 406 8.76
2 425 16.06
2 464 5.7
2 478 10.06
2 483 3.47
2 495 1.94
3 25 7.67
3 31 15.23
3 37 1.37
3 60 4.26
3 63 6.3
3 107 13.54
3 112 3.33
3 141 18.78
3 142 19.18
3 159 16.48
3 169 13.11
3 173 15.77
3 180 18.46
3 228 3.31
3 239 8.63
3 281 5.97
3 309 9.26
3 324 5.16
3 341 15.22
3 358 9.36
3 364 16.04
3 376 16.93
3 392 11.96
3 420 19.07
3 425 17.88
3 447 12.32
3 498 8.01
4 28 4.74
4 30 19.57
4 31 8.87
4 35 19.57
4 63 9.09
4 74 7.46
4 77 9.31
4 100 15.33
4 103 1.2
4 136 10.86
4 168 1.52
4 172 7.01
4 198 19.22
4 220 16.02
4 228 11.86
4 271 15.95
4 277 11.31
4 293 19.68
4 309 8.03
4 361 10.71
4 375 16.47
4 410 6.66
4 426 9.91
4 440 4.37
4 457 18.26
4 490 13.31
5 50 10.07
5 72 7.35
5 76 1.58
5 87 11.57
5 90 11.17
5 94 2.56
5 101 2.16
5 142 1.38
5 143 19.74
5 144 9.57
5 145 8.62
5 148 1.92
5 155 8.02
5 164 15.44
5 165 10.53
5 197 5.78
5 223 16.9
5 239 10.32
5 243 16.75
5 253 5.0
5 267 18.09
5 277 2.55
5 303 3.83
5 316 1.26
5 319 2.43
5 320 18.52
5 323 13.58
5 332 8.09
5 334 5.37
5 345 19.92
5 379 11.21
5 380 1.07
5 403 5.31
5 407 10.07
5 411 12.36
5 415 6.82
5 430 8.02
5 453 1.48
5 463 8.59
6 26 11.8
6 42 13.95
6 48 11.8
6 113 12.0
6 120 3.48
6 121 18.0
6 137 9.73
6 150 2.65
6 151 10.98
6 164 7.22
6 172 6.06
6 179 2.44
6 197 12.32
6 202 10.93
6 204 15.31
6 266 10.71
6 322 19.34
6 355 11.98
6 360 7.9
6 370 14.5
6 372 10.03
6 377 7.05
6 394 8.06
6 427 6.04
6 464 6.06
6 472 7.63
7 82 18.4
7 111 9.29
7 118 9.8
7 145 15.54
7 158 2.48
7 185 18.69
7 192 4.9
7 199 17.5
7 205 13.26
7 209 5.66
7 212 10.67
7 224 15.37
7 226 9.19
7 234 5.78
7 279 14.05
7 283 2.44
7 293 3.36
7 311 11.06
7 366 5.73
7 410 1.82
7 465 9.64
7 474 11.87
8 10 18.92
8 16 7.34
8 49 6.06
8 63 6.14
8 99 15.14
8 104 11.26
8 113 18.71
8 130 1.63
8 135 8.5
8 136 13.55
8 138 13.27
8 148 11.92
8 156 9.15
8 165 13.28
8 183 6.4
8 199 19.79
8 200 4.34
8 230 10.8
8 237 19.61
8 238 17.67
8 254 4.8
8 259 3.2
8 307 3.42
8 325 9.06
8 350 1.34
8 371 6.96
8 378 17.53
8 413 1.11
8 446 9.2
8 459 10.91
8 493 16.46
9 33 13.12
9 37 14.98
9 90 2.94
9 129 11.15
9 214 3.04
9 220 18.26
9 229 17.86
9 231 15.94
9 276 19.68
9 283 13.59
9 291 2.96
9 299 13.92
9 301 7.7
9 316 9.56
9 347 18.77
9 360 7.05
9 361 6.28
9 411 1.76
9 414 3.6
9 425 16.68
9 442 2.48
9 498 1.4
10 14 12.35
10 76 18.33
10 100 17.31
10 124 12.99
10 128 16.19
10 144 3.17
10 152 11.78
10 166 8.65
10 174 16.52
10 198 14.63
10 237 1.39
10 245 5.55
10 260 16.89
10 265 18.36
10 275 16.18
10 303 12.57
10 352 6.03
10 376 2.24
10 387 4.32
10 421 10.86
10 454 3.78
10 463 19.03
10 475 3.86
10 479 6.44
11 13 3.07
11 16 2.7
11 21 19.53
11 64 10.15
11 71 1.53
11 104 3.71
11 114 11.17
11 145 19.38
11 147 10.04
11 158 3.97
11 167 1.7
11 171 10.16
11 183 10.58
11 240 10.77
11 250 2.67
11 253 18.46
11 281 17.51
11 285 5.42
11 302 14.68
11 352 18.26
11 359 14.3
11 396 15.81
11 412 14.95
11 414 14.76
11 420 17.16
11 422 16.41
11 434 2.37
11 437 8.4
11 451 5.34
11 484 5.65
11 499 8.66
12 17 9.32
12 35 9.57
12 48 12.92
12 57 7.46
12 83 10.56
12 84 15.0
12 88 12.6
12 96 12.86
12 119 5.87
12 151 11.93
12 167 18.45
12 194 5.1
12 235 14.12
12 263 11.98
12 295 17.25
12 315 17.08
12 321 17.21
12 361 15.85
12 363 19.26
12 366 14.48
12 368 6.22
12 386 8.23
12 389 7.62
12 394 4.98
12 415 18.81
12 433 8.1
12 434 6.62
12 448 9.18
12 459 3.41
12 463 4.21
12 475 16.02
12 488 18.95
12 496 12.54
13 55 4.25
13 86 18.11
13 106 1.84
13 122 2.99
13 125 2.92
13 144 2.92
13 147 12.83
13 156 11.97
13 161 3.88
13 162 2.02
13 164 10.76
13 176 19.12
13 186 11.67
13 196 14.79
13 233 14.64
13 247 8.92
13 248 15.18
13 253 8.7
13 272 19.45
13 274 17.86
13 283 2.86
13 284 14.76
13 294 19.87
13 299 3.59
13 301 1.0
13 303 11.27
13 308 11.32
13 349 6.28
13 358 19.72
13 399 3.08
13 400 8.26
13 410 6.06
13 445 5.3
13 456 6.57
13 466 6.05
13 487 6.1
14 30 13.68
14 42 19.94
14 51 1.04
14 72 9.88
14 87 19.24
14 96 4.52
14 119 11.72
14 130 6.08
14 140 4.75
14 144 19.71
14 160 1.8
14 187 9.35
14 207 2.58
14 294 5.41
14 297 2.58
14 317 3.43
14 323 15.41
14 341 16.03
14 374 15.9
14 419 7.89
14 429 16.35
14 435 13.71
14 442 19.25
14 447 18.32
14 467 2.78
14 491 7.86
15 53 5.5
15 82 17.16
15 104 3.38
15 114 13.3
15 130 16.91
15 152 14.71
15 156 19.02
15 168 16.06
15 173 16.01
15 193 5.6
15 197 5.82
15 245 16.83
15 280 9.71
15 293 10.59
15 350 5.11
15 352 7.24
15 361 10.79
15 384 16.95
15 387 3.42
15 398 18.52
15 400 3.88
15 415 2.96
15 430 13.67
15 459 10.43
15 479 8.09
15 483 17.72
15 489 18.74
15 490 8.88
16 38 16.31
16 60 1.57
16 67 15.66
16 69 15.43
16 131 17.83
16 133 16.25
16 144 11.34
16 152 10.58
16 153 5.7
16 236 11.17
16 248 9.42
16 249 12.96
16 283 1.47
16 287 13.41
16 346 11.02
16 349 6.74
16 360 4.6
16 373 10.4
16 412 6.84
16 433 13.68
16 447 12.14
16 459 12.56
16 490 1.45
16 497 2.35
16 500 5.08
17 20 12.05
17 43 14.14
17 82 6.49
17 128 5.15
17 175 10.8
17 186 18.2
17 200 9.18
17 215 1.23
17 219 17.72
17 233 16.18
17 239 4.08
17 241 8.78
17 242 10.32
17 271 16.96
17 292 15.3
17 305 6.26
17 333 5.3
17 334 14.6
17 399 14.97
17 427 6.59
17 437 18.94
17 451 18.02
17 459 3.39
17 480 12.59
17 482 9.93
18 23 7.69
18 140 8.13
18 150 6.51
18 161 16.64
18 165 19.57
18 178 9.1
18 182 9.35
18 191 5.77
18 235 8.0
18 276 13.82
18 295 14.55
18 302 1.21
18 306 16.7
18 331 18.24
18 347 3.52
18 403 16.03
18 432 4.84
18 446 16.96
18 459 2.91
18 464 4.42
18 473 1.19
18 478 4.73
18 492 6.71
19 44 12.32
19 57 7.16
19 66 16.07
19 75 3.92
19 82 17.52
19 83 4.72
19 91 13.49
19 96 12.95
19 97 6.82
19 134 4.17
19 183 4.84
19 193 7.34
19 197 3.82
19 247 17.16
19 261 8.5
19 271 10.36
19 287 8.13
19 315 9.27
19 344 18.04
19 360 14.87
19 378 2.16
19 428 10.26
19 430 15.98
19 442 9.55
19 472 14.96
19 479 14.04
20 73 11.28
20 107 16.07
20 112 4.25
20 113 14.35
20 133 6.63
20 159 3.02
20 166 11.54
20 175 1.99
20 181 13.22
20 237 7.54
20 242 9.85
20 259 10.77
20 268 9.65
20 282 5.74
20 283 2.82
20 285 19.07
20 292 1.15
20 338 14.24
20 389 8.78
20 391 10.26
20 401 10.86
20 417 1.37
20 443 16.41
20 444 13.81
20 449 11.88
20 477 19.15
20 488 2.84
20 495 6.86
21 51 8.99
21 67 16.95
21 84 6.39
21 108 5.89
21 126 1.87
21 164 13.11
21 248 1.25
21 250 10.37
21 279 4.73
21 341 4.16
21 360 1.83
21 371 3.44
21 431 7.04
21 457 11.96
21 463 1.54
21 471 2.4
21 500 6.58
22 24 6.56
22 36 3.02
22 61 13.65
22 71 12.85
22 95 17.87
22 126 10.99
22 127 5.67
22 138 19.52
22 154 17.53
22 171 12.79
22 174 12.7
22 187 14.46
22 222 13.37
22 250 8.74
22 277 1.94
22 295 17.77
22 330 15.66
22 331 8.59
22 371 15.91
22 394 17.29
22 443 13.22
23 43 13.56
23 46 4.95
23 48 9.26
23 67 12.05
23 71 16.86
23 81 7.61
23 94 3.24
23 132 10.93
23 160 10.95
23 222 16.6
23 257 11.52
23 260 19.16
23 263 12.03
23 315 5.16
23 328 3.71
23 332 18.37
23 337 16.36
23 342 2.86
23 347 12.59
23 382 10.33
23 394 11.09
23 416 9.42
23 430 13.79
23 444 16.19
23 467 3.5
23 472 19.12
23 473 13.44
24 33 6.5
24 54 8.87
24 61 16.91
24 102 19.38
24 169 6.85
24 176 19.36
24 178 9.98
24 184 12.99
24 188 7.99
24 199 7.54
24 229 13.35
24 243 19.16
24 253 14.81
24 282 12.08
24 322 19.63
24 340 9.06
24 400 6.16
24 402 1.21
24 406 10.31
24 419 10.24
24 482 7.49
24 483 2.93
24 497 13.0
24 499 7.92
24 500 9.16
25 39 7.99
25 55 10.76
25 104 14.73
25 137 8.66
25 158 15.77
25 297 1.66
25 303 2.55
25 316 11.03
25 326 5.2
25 357 10.49
25 378 6.5
25 410 7.18
25 443 8.83
25 463 19.3
25 500 6.17
26 40 10.21
26 53 16.2
26 54 19.85
26 68 8.12
26 74 6.74
26 153 16.29
26 161 5.41
26 179 8.0
26 184 15.9
26 210 10.42
26 229 8.09
26 290 2.15
26 291 1.66
26 299 18.94
26 332 11.01
26 346 3.52
26 352 13.3
26 365 12.62
26 385 2.21
26 399 19.98
26 420 4.66
26 423 13.44
26 471 1.66
26 474 6.74
26 486 8.88
27 61 17.88
27 85 3.53
27 135 18.54
27 137 12.02
27 144 3.45
27 156 14.43
27 184 14.2
27 235 5.33
27 287 5.19
27 310 8.33
27 311 1.45
27 323 15.12
27 394 18.35
27 395 19.62
27 396 12.54
27 411 12.68
27 426 5.87
27 439 3.6
27 454 9.37
27 484 14.44
28 36 5.52
28 37 6.52
28 44 10.58
28 45 5.82
28 66 7.63
28 80 19.28
28 105 12.32
28 107 19.21
28 129 4.24
28 197 17.87
28 243 15.91
28 258 4.38
28 281 15.86
28 286 18.25
28 294 14.78
28 310 7.08
28 331 3.58
28 338 15.33
28 342 1.73
28 346 19.76
28 384 18.76
28 410 12.49
28 414 5.82
28 417 8.12
28 477 12.84
28 499 9.28
29 50 19.54
29 61 5.87
29 85 15.45
29 86 5.15
29 113 8.39
29 122 9.88
29 180 1.17
29 182 14.3
29 190 16.23
29 210 8.88
29 213 3.72
29 218 7.46
29 257 9.92
29 262 5.75
29 263 5.81
29 308 7.02
29 338 17.93
29 392 1.22
29 398 10.23
29 411 11.98
29 430 6.32
29 498 7.14
30 45 16.81
30 68 4.09
30 69 14.59
30 71 13.41
30 98 4.92
30 152 13.29
30 170 3.77
30 186 7.53
30 260 19.33
30 309 9.67
30 326 13.96
30 355 6.79
30 377 3.27
30 385 4.6
30 401 15.81
30 414 8.03
30 418 16.07
30 446 6.92
31 33 8.6
31 71 3.47
31 76 13.89
31 116 11.77
31 125 1.63
31 162 13.68
31 169 12.36
31 197 10.0
31 208 16.7
31 217 18.7
31 229 8.55
31 233 7.69
31 240 5.69
31 253 13.37
31 341 12.71
31 396 3.46
31 418 1.42
31 453 15.0
31 457 9.23
31 460 3.89
31 478 10.83
31 479 5.75
31 487 19.44
31 496 17.45
32 45 1.65
32 47 2.78
32 76 12.2
32 152 2.67
32 258 12.1
32 276 8.26
32 287 11.3
32 289 16.07
32 290 18.91
32 293 5.42
32 294 2.91
32 299 16.49
32 309 18.5
32 320 5.5
32 337 15.27
32 348 1.19
32 351 11.98
32 374 17.14
32 416 5.8
32 420 19.85
32 482 11.54
33 46 17.71
33 58 10.89
33 85 14.09
33 94 11.34
33 107 4.41
33 115 7.98
33 128 9.86
33 137 12.2
33 140 15.21
33 142 17.65
33 163 9.72
33 167 7.72
33 178 1.85
33 183 2.0
33 185 13.6
33 189 18.33
33 192 10.54
33 212 16.75
33 214 8.27
33 218 9.77
33 223 13.26
33 224 16.52
33 233 13.43
33 241 16.97
33 248 15.5
33 262 16.91
33 305 7.05
33 325 6.21
33 345 19.91
33 364 9.84
33 384 1.53
33 425 8.22
33 467 2.61
34 35 4.02
34 36 8.63
34 62 2.9
34 83 2.87
34 119 2.85
34 146 1.88
34 162 11.66
34 174 8.42
34 191 9.22
34 237 14.39
34 252 9.73
34 260 13.79
34 282 4.95
34 331 9.74
34 403 16.58
34 407 16.43
34 420 17.56
34 485 1.2
35 45 6.07
35 62 11.15
35 66 3.67
35 75 10.95
35 111 19.71
35 126 8.49
35 135 1.45
35 138 4.67
35 140 17.47
35 156 14.55
35 159 11.37
35 217 16.63
35 219 4.92
35 244 6.64
35 316 1.01
35 360 3.14
35 388 7.31
35 405 10.26
35 445 11.71
35 452 18.4
35 465 9.4
35 466 15.09
35 473 17.54
35 474 11.45
35 476 7.49
35 478 1.39
36 76 6.19
36 115 12.23
36 141 9.37
36 158 12.78
36 160 18.2
36 189 9.45
36 261 6.02
36 264 4.95
36 355 2.48
36 383 19.8
36 390 7.87
36 397 12.32
36 401 16.22
36 403 16.45
36 409 12.49
36 444 18.37
36 466 3.19
36 489 12.82
37 38 6.61
37 78 19.13
37 82 18.18
37 106 16.15
37 122 7.27
37 135 6.61
37 137 16.3
37 145 5.36
37 165 17.19
37 276 10.48
37 285 3.08
37 286 19.79
37 288 10.11
37 321 13.07
37 341 4.29
37 342 7.46
37 420 15.99
37 457 17.72
37 469 15.15
37 478 17.11
37 496 6.98
38 91 17.76
38 96 17.34
38 119 6.39
38 138 13.51
38 163 17.81
38 167 13.73
38 176 2.42
38 207 11.38
38 224 10.84
38 242 4.87
38 256 6.46
38 272 9.83
38 275 2.03
38 290 1.06
38 291 13.79
38 331 18.27
38 353 3.08
38 383 13.95
38 394 9.06
38 408 7.92
38 442 2.23
38 457 6.33
39 72 16.86
39 88 15.26
39 120 17.25
39 131 11.08
39 141 3.19
39 145 12.74
39 165 17.99
39 200 9.45
39 203 16.71
39 211 8.75
39 221 2.22
39 261 12.74
39 265 17.58
39 317 4.02
39 330 6.02
39 339 3.7
39 355 1.24
39 402 15.18
39 450 13.94
39 451 5.42
39 482 2.47
40 69 1.3
40 185 6.52
40 201 5.64
40 204 14.69
40 223 9.02
40 228 11.84
40 248 15.61
40 254 6.33
40 305 4.4
40 324 10.67
40 328 9.39
40 334 3.19
40 335 8.97
40 348 13.47
40 376 8.9
40 395 19.62
40 430 4.15
41 63 16.35
41 75 6.37
41 77 2.58
41 110 7.24
41 128 3.03
41 163 17.63
41 184 16.12
41 200 15.67
41 204 18.22
41 227 3.62
41 314 19.15
41 327 7.98
41 345 19.12
41 347 2.13
41 368 3.34
41 432 6.89
41 454 13.16
41 475 7.4
41 480 11.35
41 482 14.22
41 496 2.41
42 57 10.04
42 129 2.88
42 137 5.64
42 158 19.3
42 181 19.35
42 182 17.85
42 205 6.73
42 252 12.4
42 304 8.21
42 320 15.37
42 350 10.64
42 357 13.43
42 358 9.07
42 434 13.42
42 446 17.69
42 475 16.62
42 476 8.41
42 486 1.3
43 48 9.64
43 64 15.46
43 80 2.81
43 168 16.93
43 197 17.08
43 206 19.93
43 207 4.89
43 230 2.71
43 249 18.53
43 274 12.13
43 295 17.63
43 315 13.93
43 355 13.87
43 361 11.06
43 383 10.47
43 393 16.14
43 407 19.7
43 419 2.75
43 500 10.67
44 55 18.78
44 65 18.2
44 66 8.72
44 78 17.44
44 79 13.32
44 114 18.42
44 118 18.19
44 133 3.22
44 162 1.38
44 180 14.59
44 223 8.72
44 247 13.48
44 275 12.74
44 281 1.54
44 319 13.93
44 374 3.88
44 375 4.38
44 402 5.33
44 447 11.22
44 453 9.5
45 52 7.37
45 110 5.69
45 130 6.73
45 166 7.39
45 175 1.33
45 181 10.51
45 195 6.06
45 198 5.4
45 214 4.07
45 219 9.47
45 229 16.71
45 264 6.31
45 279 8.26
45 317 5.18
45 323 1.03
45 336 17.69
45 377 16.68
45 386 19.89
45 400 17.5
45 423 6.38
45 428 17.01
45 438 9.65
45 475 1.84
45 499 14.37
46 56 5.17
46 68 17.95
46 74 7.7
46 77 3.09
46 122 8.66
46 129 12.13
46 158 9.79
46 165 2.47
46 178 2.91
46 204 13.32
46 233 5.41
46 257 10.94
46 261 19.06
46 271 16.32
46 298 19.87
46 311 7.66
46 364 7.65
46 369 10.56
46 397 17.42
46 404 6.37
46 420 2.92
46 437 3.62
46 453 5.43
46 465 3.58
46 466 6.55
46 469 16.88
46 492 8.37
46 498 19.43
47 66 17.06
47 84 1.36
47 120 16.12
47 136 19.68
47 142 19.25
47 143 3.78
47 168 4.46
47 187 2.51
47 194 1.37
47 209 2.42
47 215 16.45
47 238 16.37
47 245 14.88
47 247 17.74
47 290 9.55
47 303 6.96
47 305 11.24
47 310 6.18
47 347 6.28
47 370 4.6
47 390 10.6
47 392 8.57
47 424 10.8
47 438 14.8
47 466 12.87
47 469 3.2
47 470 3.66
47 492 7.97
48 63 11.41
48 76 14.21
48 82 1.97
48 84 12.32
48 99 19.34
48 107 3.61
48 118 6.39
48 130 12.91
48 166 3.16
48 182 3.99
48 206 3.89
48 276 16.77
48 279 10.1
48 303 3.34
48 314 13.61
48 323 15.9
48 380 4.37
48 415 14.6
48 417 6.66
48 455 1.88
48 472 8.63
49 59 17.25
49 71 2.7
49 122 13.56
49 125 17.19
49 143 18.68
49 144 4.08
49 145 7.99
49 177 10.52
49 205 16.73
49 222 7.73
49 243 4.35
49 263 5.79
49 277 13.86
49 302 12.37
49 325 6.74
49 355 8.38
49 365 6.14
49 463 2.14
49 467 3.02
49 474 2.07
49 499 1.92
49 500 12.05
50 56 1.98
50 65 13.3
50 127 5.18
50 143 15.12
50 171 14.6
50 185 1.52
50 186 3.74
50 197 15.02
50 251 15.57
50 291 5.34
50 297 8.19
50 299 6.94
50 309 2.19
50 316 13.52
50 341 19.04
50 375 13.12
50 391 5.51
50 493 5.91
50 497 18.05
51 91 19.45
51 107 15.97
51 115 1.09
51 156 17.14
51 161 17.28
51 162 9.78
51 163 9.55
51 171 17.47
51 202 11.41
51 209 12.7
51 260 2.67
51 263 1.57
51 348 10.35
51 395 3.98
51 440 8.31
51 449 8.13
51 458 17.18
51 461 17.94
51 476 18.28
51 484 2.04
52 99 17.81
52 131 5.77
52 153 9.33
52 160 18.01
52 176 10.59
52 178 13.7
52 204 10.12
52 238 11.23
52 265 12.0
52 272 7.2
52 293 6.87
52 301 18.6
52 308 5.86
52 337 11.62
52 347 1.11
52 373 2.47
52 400 5.64
52 487 12.59
53 91 6.29
53 100 11.26
53 132 4.55
53 144 6.1
53 151 5.65
53 154 14.14
53 172 10.85
53 195 6.49
53 248 14.96
53 250 8.93
53 256 18.2
53 290 9.75
53 366 16.62
53 386 16.48
53 390 8.54
53 391 20.0
53 428 4.47
53 458 2.82
53 469 7.8
53 474 15.89
54 70 8.32
54 124 12.05
54 210 9.25
54 325 1.28
54 360 1.72
54 380 19.75
54 409 7.88
54 413 1.97
54 414 8.97
54 450 14.84
54 458 11.63
54 478 7.73
54 481 5.44
55 88 7.27
55 109 2.18
55 113 7.82
55 150 12.97
55 155 2.73
55 223 14.59
55 270 7.18
55 277 10.53
55 287 1.58
55 310 10.32
55 400 6.73
55 445 2.56
55 464 1.84
55 472 10.26
55 481 10.33
55 498 17.59
56 73 17.52
56 118 10.91
56 142 15.94
56 166 9.68
56 205 18.96
56 237 15.31
56 268 9.9
56 285 2.13
56 289 14.03
56 290 5.41
56 363 1.24
56 366 8.36
56 394 5.75
56 398 14.76
56 409 5.17
56 443 2.2
56 466 1.42
56 481 16.79
56 500 6.15
57 76 9.68
57 93 11.77
57 98 9.87
57 108 10.35
57 109 8.96
57 111 11.52
57 129 12.36
57 149 6.1
57 172 13.98
57 187 15.03
57 221 1.59
57 254 7.34
57 263 16.16
57 266 12.51
57 299 6.32
57 340 13.84
57 367 5.61
57 414 10.15
57 425 5.97
57 429 7.83
57 469 1.35
57 488 16.58
58 67 10.45
58 85 14.68
58 103 19.97
58 104 9.59
58 136 7.21
58 206 3.84
58 218 5.86
58 243 2.28
58 247 11.38
58 257 17.48
58 265 15.14
58 301 5.54
58 337 8.51
58 340 13.25
58 349 12.46
58 368 15.89
58 383 3.55
58 391 10.39
58 400 9.81
58 415 18.45
58 447 14.45
59 107 2.09
59 138 5.54
59 144 9.23
59 158 17.08
59 208 3.02
59 249 11.47
59 253 5.17
59 262 18.59
59 289 8.87
59 296 16.34
59 306 15.28
59 328 4.23
59 345 10.09
59 365 8.09
59 386 12.02
59 389 10.71
59 413 4.15
59 417 18.95
59 418 16.18
59 432 17.96
59 435 19.22
60 114 18.13
60 122 7.92
60 134 5.16
60 136 15.46
60 145 2.31
60 160 6.89
60 161 19.14
60 167 4.63
60 171 13.7
60 196 1.58
60 203 15.73
60 271 19.24
60 291 15.75
60 312 15.14
60 323 8.34
60 330 17.74
60 388 14.99
60 389 3.61
60 450 19.71
60 478 12.38
60 483 1.07
61 73 6.35
61 103 5.95
61 111 19.22
61 154 6.33
61 155 4.48
61 157 13.51
61 162 2.74
61 165 2.89
61 212 10.44
61 221 6.78
61 231 4.75
61 235 6.88
61 253 9.19
61 270 2.4
61 287 6.55
61 314 17.52
61 318 13.85
61 362 8.01
61 366 2.29
61 446 16.25
61 456 15.36
62 95 18.99
62 110 7.18
62 171 4.14
62 234 12.55
62 238 5.22
62 247 7.7
62 264 10.01
62 276 4.29
62 293 9.93
62 295 5.92
62 322 1.94
62 355 5.11
62 428 12.51
62 459 5.1
62 466 8.05
62 473 16.78
62 496 4.11
63 67 19.69
63 131 11.32
63 139 10.17
63 178 13.36
63 192 11.78
63 198 6.75
63 220 6.9
63 237 7.47
63 243 12.64
63 252 4.28
63 278 12.12
63 288 12.73
63 324 1.08
63 325 12.83
63 337 17.82
63 354 9.64
63 383 11.68
63 386 5.33
63 395 7.54
63 456 12.96
63 459 19.98
64 96 14.02
64 108 15.63
64 125 5.06
64 127 9.13
64 134 13.59
64 144 19.82
64 147 19.22
64 166 13.51
64 178 19.39
64 198 2.44
64 203 3.56
64 215 1.08
64 230 13.04
64 239 5.28
64 320 5.75
64 340 1.74
64 344 8.99
64 351 14.64
64 352 7.38
64 360 17.15
64 368 1.35
64 391 19.48
64 412 9.59
64 421 18.63
64 446 11.85
64 453 2.18
64 454 4.91
64 470 1.31
64 483 14.44
64 487 7.01
65 71 11.72
65 191 18.29
65 197 13.73
65 202 2.41
65 207 2.67
65 221 7.52
65 231 13.58
65 238 2.84
65 258 10.91
65 300 16.83
65 376 15.07
65 381 6.55
65 403 10.13
65 493 16.11
65 494 4.39
66 75 9.05
66 84 19.48
66 127 2.9
66 143 1.74
66 152 13.43
66 156 17.61
66 157 10.61
66 169 7.93
66 195 10.69
66 198 7.39
66 229 3.33
66 276 3.39
66 282 5.47
66 301 12.58
66 305 16.64
66 325 15.85
66 337 18.1
66 371 18.34
66 377 7.75
66 422 17.48
66 425 10.63
66 437 1.2
66 450 8.72
66 463 16.31
66 473 12.6
66 474 7.16
66 494 16.1
67 69 18.96
67 120 11.28
67 156 14.94
67 163 11.55
67 164 9.64
67 241 9.75
67 244 6.29
67 259 7.42
67 286 3.02
67 313 4.51
67 350 16.67
67 410 16.06
67 426 18.19
67 427 13.33
67 491 10.79
68 126 14.38
68 131 9.99
68 255 12.87
68 256 18.41
68 291 10.26
68 312 1.89
68 349 1.43
68 354 11.06
68 398 17.23
68 416 15.82
68 420 8.86
68 443 3.36
68 445 11.22
68 447 14.54
68 464 11.1
68 476 6.01
69 85 4.52
69 95 17.7
69 196 14.1
69 219 3.41
69 230 12.07
69 235 1.28
69 256 5.69
69 263 1.82
69 267 2.03
69 273 13.58
69 276 10.53
69 283 17.17
69 299 14.88
69 309 14.63
69 390 9.87
69 398 17.39
69 407 8.1
69 423 5.5
69 424 9.49
69 447 12.31
69 462 14.08
69 474 6.13
69 487 13.32
70 107 16.97
70 117 14.67
70 189 18.02
70 190 19.92
70 200 7.66
70 213 10.06
70 214 8.8
70 231 7.67
70 239 17.12
70 249 12.01
70 250 17.52
70 253 6.83
70 259 19.58
70 269 10.53
70 363 9.05
70 401 17.02
70 489 18.27
70 500 4.56
71 80 3.83
71 84 16.21
71 102 3.48
71 104 4.38
71 120 19.77
71 126 5.63
71 133 1.82
71 149 10.84
71 164 10.2
71 176 1.13
71 177 7.82
71 188 3.1
71 189 14.33
71 197 10.78
71 214 1.42
71 245 17.49
71 262 3.55
71 267 19.28
71 298 14.23
71 303 5.68
71 307 7.75
71 323 14.65
71 339 16.93
71 346 19.53
71 355 6.01
71 381 13.9
71 398 7.85
71 408 4.58
71 415 16.17
71 445 1.34
71 475 6.85
72 77 18.42
72 93 18.19
72 102 3.72
72 105 1.31
72 112 5.01
72 124 3.0
72 137 19.65
72 160 11.43
72 214 5.72
72 229 17.58
72 236 18.93
72 252 10.63
72 282 5.32
72 307 13.92
72 312 8.19
72 371 7.15
72 372 16.7
72 466 16.01
73 74 9.95
73 106 15.39
73 118 13.51
73 150 12.01
73 153 15.78
73 169 13.93
73 170 19.8
73 173 6.52
73 226 12.7
73 240 14.05
73 333 19.32
73 337 3.05
73 352 7.21
73 366 15.18
73 376 15.85
73 445 19.58
73 450 8.79
73 452 12.42
73 462 15.9
74 76 13.96
74 93 13.09
74 101 4.38
74 102 1.96
74 120 7.78
74 158 12.9
74 164 8.26
74 180 17.27
74 229 2.95
74 236 7.05
74 257 7.67
74 307 9.27
74 325 17.78
74 328 9.45
74 363 14.6
74 416 13.62
74 438 19.76
74 490 3.11
75 102 12.64
75 106 10.87
75 109 17.27
75 110 3.66
75 120 1.86
75 127 8.14
75 145 8.43
75 171 7.76
75 191 6.81
75 195 14.06
75 200 12.67
75 209 2.38
75 259 16.37
75 264 15.75
75 284 7.24
75 301 12.8
75 312 9.73
75 344 19.23
75 351 18.39
75 384 9.5
75 410 6.32
75 420 2.22
75 431 3.25
75 442 10.89
75 445 4.95
75 466 17.82
75 467 4.42
75 486 16.01
76 119 8.47
76 146 1.23
76 155 7.58
76 209 1.25
76 220 16.97
76 223 8.6
76 233 19.63
76 290 9.09
76 344 6.1
76 347 7.41
76 358 17.55
76 360 12.53
76 416 15.4
76 437 12.37
76 455 1.8
76 460 19.42
76 465 1.17
76 467 6.31
77 142 16.62
77 153 8.03
77 180 12.01
77 245 5.08
77 259 13.48
77 304 11.36
77 346 14.23
77 434 10.6
77 448 15.89
77 467 8.61
77 491 3.18
78 91 14.76
78 92 5.53
78 105 15.56
78 164 11.86
78 191 3.44
78 224 9.74
78 247 12.58
78 249 7.1
78 259 12.87
78 268 15.06
78 270 16.57
78 282 12.62
78 284 15.43
78 302 8.51
78 314 16.74
78 328 17.6
78 337 3.57
78 346 13.9
78 384 11.99
78 402 8.09
78 406 11.12
78 408 18.91
78 446 11.93
78 451 1.32
78 464 10.68
78 486 15.51
78 488 15.28
78 492 6.58
78 497 14.21
79 117 17.6
79 125 2.35
79 136 3.62
79 138 19.02
79 141 10.26
79 155 6.93
79 179 1.14
79 180 10.15
79 186 6.68
79 188 2.48
79 233 19.59
79 248 5.48
79 286 3.72
79 306 18.7
79 346 4.27
79 350 5.59
79 361 2.36
79 364 11.01
79 399 8.19
79 400 11.23
79 402 4.07
79 422 18.81
79 430 13.77
79 436 13.24
79 460 8.41
79 462 11.07
79 470 8.19
79 477 9.39
79 488 17.65
79 494 8.91
80 87 6.08
80 110 16.84
80 129 14.38
80 138 2.75
80 149 2.04
80 150 2.98
80 154 19.96
80 191 5.78
80 213 10.05
80 232 17.98
80 292 7.69
80 302 1.39
80 322 17.83
80 452 18.51
80 495 13.21
81 88 5.03
81 116 9.56
81 118 10.57
81 125 7.88
81 154 17.52
81 163 10.41
81 194 3.98
81 236 12.55
81 239 17.84
81 282 3.51
81 287 16.47
81 375 3.81
81 376 2.63
81 389 9.36
81 399 12.08
81 402 2.38
81 417 5.71
81 419 16.55
81 421 5.7
81 439 8.81
81 447 7.03
81 451 11.13
82 102 16.83
82 107 11.5
82 140 3.22
82 142 13.52
82 143 7.29
82 172 18.88
82 225 16.11
82 228 19.86
82 240 12.72
82 244 12.43
82 260 15.16
82 295 1.49
82 312 11.75
82 329 9.13
82 331 15.49
82 338 4.26
82 351 6.0
82 360 13.57
82 410 14.28
82 425 3.24
82 447 5.82
82 486 6.63
83 89 18.07
83 108 13.95
83 119 4.17
83 125 16.7
83 186 8.24
83 202 12.75
83 221 5.73
83 261 8.53
83 267 19.24
83 283 13.45
83 311 10.42
83 313 2.81
83 324 1.25
83 361 5.53
83 397 9.97
83 404 19.49
83 429 2.27
83 437 19.69
83 471 7.33
83 489 19.65
83 491 10.15
84 85 6.16
84 89 15.09
84 105 9.64
84 144 1.86
84 151 7.86
84 198 19.46
84 250 18.17
84 301 8.52
84 305 2.43
84 312 5.29
84 322 17.57
84 327 10.68
84 339 12.31
84 351 18.5
84 361 17.94
84 399 2.3
84 410 15.17
84 412 4.25
84 452 11.56
84 456 2.26
84 457 10.87
85 142 17.43
85 166 6.34
85 203 13.78
85 238 17.6
85 271 2.41
85 290 5.25
85 291 5.63
85 323 19.34
85 331 17.5
85 334 1.33
85 370 7.86
85 377 8.16
85 407 5.39
85 414 10.03
85 443 16.4
85 462 11.61
85 477 19.33
86 161 12.63
86 170 10.34
86 175 8.53
86 177 10.87
86 183 8.79
86 199 18.56
86 209 9.23
86 219 14.27
86 227 19.67
86 233 17.17
86 284 1.5
86 302 6.79
86 315 4.05
86 332 19.02
86 345 15.31
86 363 14.67
86 369 1.67
86 378 18.26
86 391 14.26
86 395 7.48
86 419 18.65
86 423 10.5
86 427 2.49
86 442 8.76
86 465 5.91
87 118 6.39
87 128 4.19
87 150 2.28
87 184 10.67
87 216 6.01
87 245 7.72
87 247 1.24
87 254 3.11
87 292 10.46
87 307 12.93
87 331 5.13
87 338 7.79
87 384 13.74
87 403 12.58
87 422 4.52
87 446 7.84
87 459 16.64
87 483 13.88
88 93 16.8
88 100 10.23
88 109 3.55
88 116 3.66
88 117 7.43
88 133 13.33
88 178 2.76
88 197 10.62
88 214 4.59
88 240 8.93
88 243 19.86
88 269 18.89
88 325 10.01
88 339 3.4
88 352 17.47
88 392 19.03
88 405 12.6
88 415 2.56
88 478 12.91
89 122 15.86
89 123 8.99
89 128 3.27
89 162 6.47
89 167 5.8
89 168 6.66
89 170 5.58
89 181 14.21
89 184 17.15
89 204 2.07
89 251 11.91
89 267 19.96
89 270 4.68
89 274 17.67
89 290 4.01
89 297 16.57
89 300 14.73
89 306 10.31
89 362 2.94
89 373 7.45
89 414 3.25
89 421 13.36
89 433 12.03
90 103 17.6
90 113 10.99
90 127 9.04
90 133 8.69
90 189 14.17
90 194 8.71
90 198 10.85
90 238 16.48
90 244 18.88
90 253 13.06
90 274 1.54
90 298 15.82
90 321 15.68
90 362 5.9
90 367 11.74
90 376 9.74
90 410 8.86
90 418 13.44
90 434 18.17
90 469 17.05
91 110 10.0
91 114 15.92
91 141 2.24
91 144 9.43
91 147 5.86
91 160 5.23
91 207 9.66
91 221 18.6
91 228 2.2
91 233 11.95
91 253 4.82
91 295 9.38
91 351 5.01
91 409 14.6
91 453 16.65
91 494 1.25
92 100 14.29
92 102 8.62
92 126 1.57
92 168 1.87
92 185 2.92
92 232 18.92
92 242 19.62
92 252 6.63
92 254 1.22
92 268 11.27
92 302 1.15
92 333 5.94
92 403 8.11
92 413 14.45
92 470 8.19
93 101 2.91
93 108 2.3
93 123 13.48
93 148 18.32
93 179 3.98
93 195 3.79
93 253 12.58
93 277 3.98
93 285 6.41
93 298 14.98
93 306 14.44
93 315 7.92
93 328 6.83
93 340 8.47
93 342 6.0
93 384 3.69
93 460 10.44
93 465 3.01
93 498 18.09
94 143 13.11
94 189 12.14
94 202 12.04
94 217 4.44
94 243 4.34
94 245 6.78
94 265 14.47
94 327 17.7
94 446 18.28
94 463 4.19
94 490 12.65
95 124 6.12
95 149 5.55
95 159 11.19
95 170 12.07
95 196 14.99
95 198 7.09
95 224 3.38
95 227 2.78
95 243 5.11
95 289 17.53
95 303 2.84
95 380 19.39
95 392 8.91
95 414 12.04
95 421 6.55
95 430 14.46
95 441 3.97
95 454 5.55
95 465 1.26
95 497 19.5
96 140 18.88
96 145 1.83
96 182 3.84
96 185 16.99
96 189 16.88
96 213 16.03
96 237 5.39
96 253 14.48
96 285 5.45
96 295 15.64
96 301 9.6
96 305 17.93
96 323 3.1
96 350 2.38
96 359 16.57
96 364 15.57
96 367 11.55
96 396 15.38
96 401 2.86
96 411 5.58
96 444 11.78
96 461 3.53
96 467 1.63
96 493 8.99
97 101 6.08
97 173 2.23
97 211 14.43
97 249 4.15
97 256 9.36
97 275 10.46
97 282 18.36
97 285 19.3
97 290 7.19
97 363 15.5
97 371 10.47
97 385 12.4
97 392 7.9
97 454 2.94
98 113 11.94
98 188 18.22
98 201 5.6
98 318 10.31
98 326 18.36
98 350 4.74
98 444 2.49
98 478 19.16
98 485 1.53
99 123 5.26
99 164 9.48
99 173 6.77
99 186 19.05
99 193 17.7
99 202 15.93
99 217 3.05
99 219 16.59
99 245 7.23
99 256 1.79
99 267 1.46
99 278 1.69
99 308 4.4
99 345 17.07
99 351 5.07
99 382 5.52
99 390 1.17
99 395 11.65
99 420 16.52
99 427 3.95
99 429 5.84
99 441 12.41
99 463 17.34
99 473 11.16
99 486 7.83
100 157 13.95
100 166 16.98
100 176 8.06
100 183 18.18
100 199 3.11
100 201 15.78
100 204 14.5
100 241 9.56
100 261 12.89
100 293 16.14
100 385 9.64
100 422 1.65
100 430 13.53
100 496 1.8
101 132 16.42
101 135 6.31
101 170 19.97
101 180 4.64
101 188 11.37
101 202 11.72
101 232 11.03
101 259 6.67
101 288 2.65
101 306 3.52
101 315 9.58
101 344 9.15
101 357 15.73
101 387 19.68
101 400 14.26
101 439 5.13
101 460 17.59
101 464 4.4
101 493 4.78
102 125 14.99
102 128 15.36
102 132 11.93
102 134 2.6
102 185 10.8
102 205 10.42
102 223 5.46
102 234 17.72
102 252 2.04
102 283 3.66
102 290 9.09
102 291 1.8
102 309 2.57
102 338 15.58
102 358 1.83
102 382 1.99
102 386 10.82
102 439 4.62
102 445 5.9
102 450 15.6
103 117 15.8
103 129 9.71
103 183 13.47
103 240 7.28
103 254 17.55
103 273 4.39
103 289 2.1
103 314 15.1
103 335 12.17
103 340 8.07
103 341 15.71
103 346 8.09
103 348 8.82
103 351 16.93
103 357 19.9
103 365 14.64
103 366 19.3
103 376 17.71
103 379 8.99
103 385 19.1
103 441 11.34
103 450 13.15
103 457 2.43
103 464 14.49
103 475 5.21
103 479 6.61
103 482 17.43
104 137 19.46
104 164 4.54
104 177 3.86
104 188 15.09
104 285 2.26
104 342 12.98
104 353 7.99
104 357 1.15
104 368 10.17
104 386 17.9
104 425 16.72
104 432 17.8
104 464 4.87
104 465 3.96
105 123 8.59
105 197 12.37
105 213 4.18
105 274 17.49
105 305 12.9
105 313 10.94
105 357 2.25
105 372 4.33
105 403 10.45
105 408 15.87
105 409 6.17
105 443 14.65
105 454 2.68
105 468 19.0
105 482 12.68
106 115 11.97
106 142 3.28
106 151 3.08
106 158 6.71
106 225 3.54
106 230 15.9
106 233 2.64
106 235 14.63
106 256 7.39
106 259 1.54
106 264 10.33
106 270 3.3
106 283 7.68
106 299 18.67
106 301 1.81
106 306 6.59
106 308 9.39
106 344 18.5
106 350 13.47
106 357 16.95
106 382 15.79
106 395 16.04
106 396 17.09
106 427 5.33
106 449 11.58
106 467 8.2
107 114 11.63
107 118 9.19
107 125 16.61
107 130 4.15
107 152 3.41
107 157 4.44
107 169 2.23
107 237 18.67
107 249 13.14
107 251 13.3
107 269 9.65
107 276 2.22
107 305 3.52
107 313 6.14
107 363 3.81
107 368 2.74
107 378 15.03
107 381 7.72
107 385 16.52
107 415 15.1
107 463 16.33
107 493 10.46
108 156 8.31
108 165 8.2
108 201 11.42
108 214 2.61
108 215 9.71
108 230 6.79
108 300 4.35
108 333 12.89
108 344 7.46
108 346 19.94
108 356 16.33
108 375 1.27
108 402 12.16
108 433 16.0
108 435 4.06
108 444 1.83
108 452 14.13
108 463 4.11
108 471 9.82
108 495 15.45
108 496 13.49
109 110 10.81
109 155 18.64
109 156 1.68
109 158 14.55
109 174 8.04
109 190 8.24
109 224 19.0
109 290 10.78
109 326 17.43
109 328 8.37
109 333 13.11
109 351 1.84
109 361 13.89
109 415 9.09
109 429 6.86
109 431 3.06
109 475 19.94
109 491 15.92
110 153 7.12
110 158 14.76
110 181 11.84
110 205 12.59
110 220 6.04
110 231 15.25
110 345 9.37
110 355 9.78
110 367 3.88
110 417 1.25
110 418 8.73
110 439 9.4
110 447 11.81
110 472 8.41
110 497 10.08
111 123 4.65
111 147 12.95
111 160 16.72
111 184 10.7
111 188 9.49
111 214 17.87
111 216 14.35
111 222 16.45
111 262 6.7
111 281 15.14
111 286 9.3
111 295 8.21
111 303 17.12
111 333 3.0
111 340 4.97
111 369 6.49
111 371 18.88
111 388 15.97
111 405 7.02
111 421 9.56
111 428 10.04
111 436 8.45
111 440 9.17
111 448 2.88
111 469 10.87
111 472 10.58
112 133 4.06
112 141 2.77
112 179 19.41
112 185 16.87
112 194 13.32
112 197 16.78
112 213 14.55
112 227 15.4
112 229 8.3
112 261 1.31
112 318 6.84
112 335 12.33
112 388 8.08
112 396 4.04
112 410 7.18
112 421 6.79
112 429 2.09
112 431 16.71
112 458 18.36
112 481 4.53
112 489 15.78
113 136 15.87
113 148 3.28
113 184 12.44
113 198 10.16
113 201 1.2
113 226 5.71
113 230 15.42
113 236 6.45
113 253 9.39
113 255 3.56
113 259 16.97
113 274 5.68
113 284 10.34
113 297 5.54
113 305 16.07
113 311 5.86
113 352 13.5
113 369 2.85
113 389 6.78
113 399 9.16
113 438 1.26
113 451 6.21
113 454 9.83
113 458 3.3
113 495 8.08
114 129 10.65
114 140 19.87
114 164 3.48
114 172 4.04
114 178 8.58
114 179 3.4
114 190 18.56
114 202 8.71
114 220 13.19
114 235 9.72
114 312 11.29
114 335 13.58
114 392 14.9
114 404 6.8
114 431 2.66
114 440 9.41
114 455 13.61
114 460 1.07
114 464 12.59
114 497 12.72
115 140 12.66
115 153 11.92
115 161 15.24
115 163 18.61
115 207 15.71
115 211 15.54
115 231 8.73
115 270 3.99
115 290 8.84
115 291 3.0
115 298 5.08
115 321 14.44
115 327 1.82
115 382 5.63
115 389 16.54
115 407 14.22
115 447 8.95
115 462 1.92
115 473 19.34
115 480 5.25
116 133 8.32
116 142 14.64
116 155 18.43
116 183 8.39
116 223 10.39
116 225 15.01
116 254 7.37
116 255 4.53
116 289 11.14
116 295 5.59
116 324 15.69
116 330 14.44
116 343 7.34
116 381 12.86
116 407 16.81
116 422 8.36
116 439 9.19
116 497 3.52
116 498 5.22
117 130 10.65
117 134 11.1
117 170 11.0
117 211 18.47
117 212 15.83
117 233 2.79
117 234 13.29
117 236 11.31
117 252 1.86
117 253 5.52
117 272 3.1
117 297 19.34
117 301 18.27
117 316 10.57
117 322 4.95
117 341 10.3
117 355 6.07
117 388 14.03
117 423 9.49
117 430 11.31
117 469 14.86
117 489 16.37
118 119 7.96
118 138 16.34
118 154 9.42
118 184 17.82
118 205 18.81
118 221 14.16
118 228 7.38
118 240 6.86
118 271 14.14
118 277 1.37
118 282 9.86
118 292 7.91
118 325 10.88
118 328 19.59
118 342 15.76
118 365 7.1
118 374 10.23
118 384 3.49
118 405 13.74
118 410 5.42
118 414 10.85
118 419 16.13
118 421 12.14
118 424 14.69
118 430 16.77
118 476 15.52
119 134 12.41
119 146 15.91
119 148 12.51
119 151 8.6
119 174 1.48
119 187 14.71
119 217 1.03
119 251 13.04
119 260 6.99
119 290 9.09
119 296 1.68
119 301 1.49
119 331 1.44
119 344 9.21
119 361 7.87
119 389 19.56
119 409 18.08
119 410 7.92
119 440 13.89
119 443 14.81
119 451 10.87
119 484 7.56
120 123 1.83
120 133 12.09
120 137 3.89
120 139 3.47
120 151 10.46
120 198 15.92
120 261 8.32
120 272 11.9
120 300 18.86
120 309 18.25
120 310 2.17
120 352 16.85
120 358 6.74
120 361 17.25
120 404 17.2
120 426 9.41
120 440 8.22
120 450 4.14
120 474 11.87
121 122 4.73
121 175 19.43
121 185 2.04
121 187 17.63
121 277 15.24
121 326 1.41
121 332 12.77
121 336 3.82
121 339 15.97
121 387 15.87
121 412 9.21
121 417 5.86
121 458 15.02
121 471 9.73
121 474 3.56
121 492 13.35
122 123 8.45
122 134 5.46
122 162 15.87
122 184 1.76
122 197 17.8
122 251 13.72
122 262 8.89
122 360 13.34
122 370 3.0
122 396 6.08
122 416 9.84
122 418 18.81
122 419 16.33
122 430 13.28
123 126 12.59
123 127 17.67
123 136 18.67
123 144 5.32
123 164 9.03
123 246 12.5
123 251 18.39
123 313 14.68
123 357 16.7
123 381 5.48
123 416 12.43
123 438 5.76
123 475 13.25
123 479 1.49
123 493 2.81
123 498 17.49
123 500 19.39
124 126 18.95
124 192 15.51
124 199 15.26
124 200 17.17
124 226 17.93
124 227 12.31
124 253 19.54
124 352 9.3
124 354 19.22
124 360 16.75
124 379 13.8
124 386 10.41
124 406 19.64
124 423 9.23
124 452 17.06
124 473 11.63
125 141 16.83
125 158 14.34
125 183 3.96
125 191 17.68
125 201 9.35
125 212 4.18
125 220 15.14
125 228 11.52
125 233 13.83
125 238 12.49
125 256 7.22
125 272 14.66
125 274 10.01
125 300 10.14
125 301 9.91
125 314 1.84
125 333 4.89
125 339 15.51
125 349 17.12
125 357 12.35
125 366 9.74
125 400 9.64
125 414 6.02
125 456 14.25
125 478 8.36
125 497 7.01
126 132 2.64
126 139 11.87
126 154 6.62
126 177 15.41
126 216 13.37
126 231 9.51
126 233 6.38
126 297 10.18
126 305 8.96
126 379 10.98
126 384 4.1
126 392 7.6
126 431 13.04
126 445 18.86
126 455 6.76
126 483 19.09
127 129 4.64
127 139 9.48
127 150 18.29
127 232 17.82
127 234 2.55
127 293 8.75
127 308 11.18
127 328 1.32
127 332 3.84
127 342 2.19
127 348 2.43
127 369 17.15
127 382 12.26
127 402 3.57
127 405 2.81
127 410 18.09
127 478 16.3
127 493 19.77
128 131 9.68
128 170 15.23
128 228 16.24
128 250 13.51
128 281 17.68
128 283 2.79
128 284 2.0
128 307 6.67
128 314 3.87
128 369 6.54
128 401 13.66
128 402 9.24
128 427 2.39
128 440 11.33
128 472 5.91
129 138 18.32
129 158 7.22
129 175 12.46
129 185 9.08
129 197 19.96
129 199 1.28
129 214 11.27
129 236 1.14
129 290 18.53
129 324 5.21
129 353 1.65
129 390 10.2
129 450 13.19
129 468 3.43
129 475 13.18
130 131 8.79
130 158 6.64
130 230 6.36
130 276 19.15
130 296 11.02
130 329 2.36
130 331 11.63
130 345 11.79
130 351 15.99
130 353 18.28
130 370 7.8
130 376 11.2
130 382 7.23
130 403 10.35
130 452 2.43
130 460 8.41
131 150 19.69
131 156 3.8
131 160 11.02
131 183 2.07
131 240 4.2
131 241 4.55
131 246 3.33
131 258 4.22
131 277 10.45
131 287 11.61
131 317 14.07
131 352 1.32
131 354 5.81
131 407 5.99
131 409 11.94
131 418 4.56
131 434 19.85
131 436 1.1
131 448 11.2
131 461 8.04
131 479 19.82
131 498 17.78
132 159 18.26
132 202 1.01
132 244 9.65
132 286 15.75
132 292 9.1
132 296 8.98
132 318 14.24
132 323 6.3
132 403 15.65
132 404 14.45
132 419 19.37
132 486 4.12
133 187 3.53
133 220 1.91
133 224 18.79
133 249 4.09
133 291 6.05
133 293 13.22
133 320 17.14
133 334 15.77
133 365 10.09
133 380 13.54
133 384 19.82
133 408 17.27
133 439 9.14
133 440 16.22
134 141 19.23
134 148 15.85
134 186 19.07
134 215 10.26
134 228 11.12
134 253 3.63
134 259 4.83
134 275 5.11
134 287 1.61
134 297 10.48
134 309 12.01
134 330 8.59
134 396 16.7
134 408 3.14
134 411 12.63
134 416 14.71
134 455 13.76
134 457 15.3
134 479 12.09
134 493 12.27
134 494 8.19
134 495 10.22
135 156 1.5
135 168 8.99
135 171 3.1
135 177 14.34
135 197 19.76
135 215 5.44
135 228 8.75
135 257 4.75
135 263 12.05
135 268 14.64
135 289 19.67
135 290 18.21
135 317 9.12
135 323 9.27
135 327 10.79
135 337 4.22
135 369 4.63
135 388 10.28
135 403 18.97
135 432 4.11
135 454 7.58
135 459 13.23
135 491 8.43
136 148 13.22
136 150 16.59
136 180 15.89
136 195 5.61
136 228 1.27
136 239 5.03
136 243 16.28
136 249 15.88
136 290 4.82
136 291 12.47
136 301 19.49
136 322 13.63
136 327 7.57
136 357 5.88
136 360 1.58
136 393 11.47
136 418 8.59
136 440 10.56
136 448 16.07
136 467 8.42
136 482 18.59
136 496 14.64
136 500 17.65
137 146 18.07
137 151 18.22
137 162 3.77
137 173 6.84
137 240 7.24
137 247 9.57
137 301 16.6
137 318 7.09
137 342 15.1
137 380 18.18
137 445 3.12
137 475 8.67
138 147 9.16
138 166 7.43
138 206 3.36
138 217 15.0
138 225 14.2
138 233 11.64
138 247 5.45
138 289 3.46
138 299 2.2
138 309 6.21
138 384 10.26
138 428 12.15
138 433 13.06
138 450 12.31
138 459 14.82
138 469 18.9
138 479 3.61
138 485 14.92
138 490 11.59
138 498 2.81
139 183 9.21
139 189 1.77
139 201 10.74
139 209 1.33
139 238 6.7
139 245 12.13
139 254 2.44
139 257 2.82
139 268 13.03
139 294 18.62
139 309 3.42
139 326 11.68
139 353 3.13
139 385 12.31
139 394 10.85
139 399 14.95
139 440 3.89
140 165 5.09
140 174 7.97
140 204 9.47
140 208 1.05
140 234 17.9
140 249 9.11
140 259 12.73
140 303 12.54
140 306 14.71
140 378 14.33
140 390 7.78
140 439 8.41
140 443 6.73
140 487 8.39
141 168 2.75
141 229 8.81
141 282 5.1
141 309 5.38
141 339 8.2
141 355 2.45
141 362 12.59
141 367 9.69
141 390 12.88
141 393 18.23
141 394 3.15
141 420 19.35
141 424 9.04
141 433 10.95
141 464 3.75
142 148 17.58
142 149 7.14
142 164 12.36
142 165 11.7
142 203 16.57
142 211 11.83
142 214 8.81
142 241 8.71
142 244 11.54
142 251 12.98
142 292 4.07
142 297 7.9
142 311 15.61
142 365 16.73
142 369 10.12
142 376 9.2
142 389 15.58
142 392 18.16
142 393 17.1
142 434 15.48
142 451 15.26
142 457 3.0
142 476 15.29
142 500 18.57
143 151 10.87
143 152 15.86
143 160 7.1
143 174 2.66
143 180 16.23
143 196 18.27
143 207 12.0
143 218 14.73
143 220 8.88
143 225 13.25
143 269 16.03
143 287 4.63
143 294 16.29
143 295 16.12
143 315 1.17
143 321 11.65
143 339 15.78
143 344 4.52
143 349 1.08
143 358 17.17
143 366 2.69
143 367 14.1
143 368 11.67
143 376 10.56
143 380 19.91
143 474 10.94
143 475 8.16
143 482 18.26
144 165 1.08
144 188 1.18
144 221 13.86
144 225 13.67
144 231 13.8
144 246 7.19
144 262 2.81
144 279 15.17
144 280 1.4
144 282 15.98
144 284 15.75
144 285 11.76
144 314 12.1
144 361 3.21
144 362 4.91
144 370 2.39
144 402 11.87
144 463 11.88
144 495 13.19
145 146 16.17
145 175 4.72
145 199 15.4
145 206 4.18
145 219 5.75
145 238 4.78
145 251 4.09
145 277 14.14
145 296 11.17
145 320 13.67
145 331 10.27
145 339 9.05
145 341 1.98
145 358 5.41
145 360 4.23
145 374 11.66
145 383 10.23
145 410 9.14
145 415 14.39
145 422 8.34
145 466 10.32
145 476 3.34
145 490 2.1
146 148 9.91
146 174 18.09
146 177 8.67
146 191 12.24
146 211 17.46
146 212 2.12
146 265 16.51
146 277 19.23
146 319 11.84
146 328 8.04
146 356 12.21
146 387 1.36
146 396 10.6
146 421 18.4
146 424 4.47
146 467 8.74
146 494 3.88
146 496 18.02
147 174 17.91
147 196 15.18
147 239 19.44
147 249 8.17
147 259 2.91
147 290 16.21
147 298 4.07
147 303 14.21
147 342 8.21
147 359 7.35
147 398 2.16
147 402 16.65
147 428 5.86
147 459 16.71
147 464 3.81
147 480 3.77
147 486 2.62
147 496 14.39
148 158 19.25
148 178 6.87
148 194 12.41
148 214 14.31
148 256 17.63
148 259 19.69
148 268 17.43
148 281 19.96
148 301 12.05
148 369 11.5
148 377 1.26
148 392 10.62
148 414 10.17
148 431 13.13
148 434 11.82
148 437 6.25
148 449 6.46
148 468 8.26
148 492 17.48
149 152 4.11
149 174 13.95
149 184 12.88
149 191 12.97
149 214 7.9
149 236 10.07
149 257 13.13
149 261 3.59
149 277 12.01
149 288 14.07
149 293 3.9
149 312 16.73
149 331 13.74
149 338 3.58
149 341 12.39
149 353 16.98
149 368 1.28
149 369 4.31
149 425 13.25
149 446 2.65
149 466 17.26
150 172 17.26
150 207 15.85
150 216 16.62
150 234 15.18
150 259 17.93
150 333 19.44
150 356 7.35
150 366 12.65
150 380 9.71
150 386 3.53
150 409 8.02
150 419 19.49
150 434 16.88
150 450 13.4
150 460 15.72
150 471 18.7
150 478 5.15
150 479 4.41
151 164 3.92
151 184 6.54
151 221 5.38
151 264 7.47
151 314 4.85
151 332 11.03
151 346 16.99
151 377 13.09
151 380 14.13
151 382 16.71
151 385 8.44
151 405 1.53
151 417 16.82
151 446 4.55
152 154 10.76
152 231 4.35
152 241 7.55
152 283 7.76
152 306 7.71
152 327 4.98
152 346 6.89
152 380 12.98
152 395 5.28
152 431 13.8
152 459 17.6
152 470 15.71
152 478 8.97
152 492 5.19
152 500 4.35
153 167 14.79
153 171 3.26
153 196 16.99
153 228 19.32
153 339 4.18
153 359 18.0
153 384 13.44
153 396 15.71
153 399 14.35
153 432 16.6
153 454 4.49
153 470 1.31
153 495 19.8
154 163 6.15
154 189 8.46
154 200 6.56
154 238 5.55
154 280 1.36
154 282 8.75
154 336 15.79
154 348 6.06
154 382 17.97
154 394 13.88
154 403 11.95
154 408 7.54
154 431 12.76
154 439 6.1
154 477 10.97
154 496 8.56
155 176 12.18
155 187 1.45
155 251 9.16
155 283 6.46
155 355 8.05
155 356 15.07
155 367 3.8
155 392 8.87
155 415 18.66
155 421 6.34
155 426 8.99
155 440 19.06
155 454 14.94
155 493 11.99
156 168 16.85
156 272 2.35
156 294 10.89
156 305 16.95
156 345 11.18
156 350 10.59
156 357 8.73
156 360 2.72
156 371 7.5
156 416 12.69
156 424 10.78
156 428 13.33
156 455 19.26
156 470 11.43
156 481 1.63
156 488 11.26
157 176 16.12
157 274 12.38
157 290 15.07
157 305 17.73
157 320 9.07
157 350 6.21
157 352 16.66
157 356 5.02
157 363 8.08
157 384 18.06
157 411 6.12
157 424 6.03
158 171 19.07
158 197 19.32
158 226 5.2
158 269 8.44
158 271 1.4
158 275 11.78
158 278 7.22
158 371 15.06
158 432 4.98
158 437 18.73
158 448 8.76
158 453 18.06
158 454 2.31
158 463 13.56
158 468 8.56
158 487 18.09
159 179 12.18
159 181 7.77
159 198 5.04
159 212 3.84
159 213 6.03
159 221 3.74
159 261 16.28
159 272 7.24
159 299 6.45
159 303 19.36
159 373 6.47
159 445 8.22
160 194 14.78
160 195 7.1
160 251 3.33
160 257 13.48
160 268 11.17
160 293 17.94
160 302 4.74
160 306 11.83
160 309 5.37
160 353 15.47
160 383 6.97
160 425 19.45
160 426 14.76
160 477 11.13
161 163 17.97
161 188 4.72
161 190 7.2
161 236 17.69
161 268 18.6
161 305 6.89
161 319 13.91
161 334 1.33
161 344 1.08
161 351 16.0
161 352 7.74
161 375 16.68
161 415 5.18
161 431 15.29
161 441 19.5
161 479 4.72
161 496 10.77
161 498 17.31
162 179 12.19
162 184 13.08
162 185 7.46
162 188 18.79
162 233 14.18
162 240 14.36
162 244 11.14
162 257 11.61
162 306 6.97
162 308 11.0
162 328 5.87
162 337 18.93
162 389 4.9
162 399 16.19
162 401 12.69
162 402 4.26
162 418 17.77
162 426 2.21
162 470 1.55
162 497 12.91
163 183 17.42
163 219 16.7
163 252 18.18
163 291 17.47
163 295 10.76
163 297 3.09
163 371 4.99
163 379 12.79
163 395 19.29
163 424 18.48
163 429 14.38
163 439 9.67
163 449 2.4
163 476 15.77
163 482 13.14
164 187 4.99
164 201 8.25
164 236 2.4
164 247 19.76
164 249 3.47
164 271 12.4
164 284 7.11
164 292 2.1
164 316 8.7
164 324 19.39
164 371 6.82
164 406 18.86
164 407 19.41
164 423 4.71
164 431 6.25
164 442 12.77
164 448 15.88
164 500 11.29
165 180 11.29
165 211 1.95
165 222 11.02
165 230 3.17
165 243 5.34
165 255 17.63
165 265 16.22
165 294 9.5
165 298 3.24
165 317 10.57
165 319 2.61
165 328 6.08
165 343 19.26
165 351 14.9
165 384 16.84
165 442 18.14
165 448 8.82
165 453 14.7
165 477 5.26
165 478 6.05
166 168 16.54
166 198 5.09
166 209 13.96
166 229 8.12
166 285 6.09
166 290 11.74
166 334 12.53
166 378 4.9
166 390 4.13
166 409 9.36
166 417 11.2
166 438 9.2
166 482 5.17
166 489 4.84
167 172 2.28
167 191 16.75
167 196 14.36
167 201 13.58
167 263 2.02
167 275 11.79
167 318 7.98
167 331 11.91
167 336 5.19
167 352 4.76
167 362 2.42
167 368 5.05
167 369 9.2
167 372 18.25
167 389 15.2
167 416 17.39
167 438 3.8
167 454 16.44
167 456 12.54
167 457 15.32
167 458 17.92
167 459 5.1
167 498 8.77
168 241 18.81
168 266 19.93
168 274 16.3
168 279 2.32
168 308 13.06
168 312 9.98
168 319 9.18
168 328 14.09
168 344 18.76
168 356 1.25
168 357 15.85
168 358 8.69
168 361 5.48
168 389 4.35
168 403 3.26
168 424 13.44
168 444 14.76
168 474 5.09
168 476 19.09
169 259 1.31
169 308 17.04
169 315 16.33
169 317 9.31
169 368 18.52
169 370 8.16
169 376 7.37
169 380 14.27
169 405 6.93
169 413 12.6
169 420 5.96
169 421 13.16
169 467 14.8
169 495 3.01
169 498 6.39
169 499 10.12
170 184 15.74
170 205 17.29
170 208 17.1
170 219 16.91
170 244 11.89
170 252 1.26
170 253 12.07
170 259 2.98
170 260 6.85
170 271 1.42
170 310 14.91
170 340 3.37
170 347 13.36
170 360 17.87
170 375 12.11
170 376 13.29
170 391 15.18
170 392 9.72
170 401 7.05
170 434 14.31
170 439 18.03
170 441 19.02
170 476 17.81
170 477 19.31
171 191 8.38
171 201 14.17
171 203 9.86
171 279 17.62
171 314 14.94
171 320 10.94
171 344 4.61
171 368 14.41
171 377 8.78
171 395 6.61
171 413 15.72
171 447 14.38
171 478 5.61
171 484 5.34
172 186 1.33
172 187 6.57
172 201 15.01
172 203 1.04
172 246 13.27
172 268 10.42
172 311 14.84
172 313 8.1
172 318 8.22
172 325 14.27
172 327 10.23
172 331 15.84
172 333 17.47
172 360 9.07
172 364 10.1
172 374 3.28
172 492 2.91
172 496 4.36
173 196 6.06
173 199 10.93
173 230 5.31
173 233 1.43
173 238 3.73
173 252 12.98
173 257 19.96
173 286 13.55
173 301 18.97
173 330 3.25
173 350 5.1
173 370 18.05
173 375 18.24
173 387 15.71
173 390 5.17
173 397 8.83
173 401 13.2
173 407 1.52
173 410 6.37
173 422 15.44
173 428 18.11
173 444 13.52
173 457 19.46
173 462 10.08
173 468 13.43
173 477 2.92
173 483 18.31
173 493 13.56
173 496 19.55
174 189 18.04
174 212 8.88
174 236 9.19
174 257 13.68
174 278 18.55
174 283 12.81
174 285 9.91
174 331 2.12
174 332 19.74
174 401 14.56
174 408 3.53
174 428 15.0
174 445 7.34
174 459 17.03
174 475 17.19
174 476 7.09
174 484 13.69
174 487 13.16
175 187 8.2
175 207 14.15
175 232 16.46
175 256 5.4
175 276 8.59
175 279 19.63
175 299 7.17
175 303 10.4
175 337 13.05
175 343 4.56
175 345 7.11
175 352 6.39
175 367 18.75
175 385 11.55
175 412 5.07
175 420 2.57
175 442 13.65
176 237 13.19
176 264 10.5
176 273 10.8
176 277 2.94
176 279 5.44
176 286 17.96
176 292 16.73
176 316 10.84
176 334 12.42
176 340 12.58
176 372 10.56
176 377 4.62
176 381 15.88
176 386 5.83
176 396 5.58
176 409 8.22
176 455 7.76
177 181 12.96
177 188 6.87
177 190 16.34
177 192 7.47
177 204 9.0
177 237 16.04
177 258 16.38
177 259 18.6
177 265 19.75
177 266 17.75
177 279 4.02
177 291 19.46
177 318 8.11
177 321 6.16
177 351 2.84
177 360 17.49
177 437 3.31
177 447 11.75
177 457 2.96
177 462 11.39
177 475 7.36
177 478 11.84
177 481 19.37
177 486 12.74
177 490 7.06
178 191 18.18
178 220 11.02
178 243 2.8
178 255 3.3
178 263 7.4
178 277 14.8
178 302 16.85
178 310 3.34
178 311 10.69
178 351 2.8
178 353 14.12
178 375 18.14
178 377 4.98
178 398 19.27
178 414 9.94
178 461 8.67
179 204 17.94
179 268 10.68
179 284 19.26
179 318 1.56
179 355 12.12
179 384 19.16
179 395 7.3
179 401 18.58
179 417 11.01
179 425 5.38
179 487 13.56
179 493 17.74
180 183 15.56
180 209 2.17
180 287 18.15
180 313 2.88
180 320 1.85
180 339 4.37
180 377 1.95
180 415 10.14
180 422 16.18
180 477 9.38
180 492 8.35
181 216 10.29
181 227 19.83
181 232 8.23
181 257 5.49
181 264 18.76
181 268 19.74
181 307 4.88
181 346 8.42
181 347 8.49
181 361 1.55
181 409 13.21
181 417 8.21
182 192 8.86
182 194 17.22
182 197 18.23
182 198 16.54
182 207 4.59
182 237 11.47
182 242 16.51
182 278 8.04
182 331 17.13
182 375 4.09
182 376 16.12
182 408 13.62
182 416 6.56
182 462 4.68
182 471 14.5
182 486 8.66
182 494 15.79
183 191 6.27
183 227 13.94
183 229 9.09
183 242 12.42
183 248 5.75
183 277 16.99
183 342 14.11
183 370 10.8
183 379 19.38
183 386 11.14
183 398 6.35
183 409 19.2
183 449 12.44
183 451 7.37
183 470 8.11
183 472 19.11
183 483 14.18
183 492 15.6
184 186 2.93
184 187 9.74
184 216 10.73
184 224 7.85
184 237 3.28
184 245 8.42
184 249 10.7
184 261 17.92
184 293 15.23
184 299 18.05
184 314 14.64
184 364 17.42
184 373 16.91
184 374 3.18
184 414 9.65
184 418 6.91
184 465 2.4
184 486 15.32
184 492 18.29
185 189 10.92
185 224 8.49
185 235 16.68
185 245 8.06
185 268 7.6
185 283 17.82
185 309 18.04
185 313 2.75
185 340 18.26
185 349 17.05
185 400 8.64
185 410 19.47
185 426 5.89
185 429 5.72
186 226 19.01
186 233 8.47
186 235 9.83
186 245 1.0
186 282 15.48
186 286 9.04
186 302 11.23
186 306 11.53
186 321 8.81
186 322 5.34
186 337 16.1
186 364 14.32
186 421 1.22
186 423 16.13
186 429 18.6
186 452 5.84
186 469 11.88
186 484 4.25
186 487 19.23
186 492 10.86
187 226 8.68
187 279 5.66
187 285 7.57
187 337 11.79
187 351 9.9
187 365 14.12
187 390 4.88
187 417 5.84
187 430 1.12
187 439 7.39
187 478 19.92
187 483 14.24
188 199 5.26
188 201 19.27
188 205 9.6
188 285 16.66
188 291 18.44
188 311 7.45
188 355 17.63
188 393 3.54
188 394 12.48
188 395 14.87
188 398 13.22
188 434 14.61
188 461 17.06
188 468 4.86
188 481 2.48
188 492 17.83
189 191 18.08
189 225 6.1
189 268 12.44
189 297 1.64
189 326 3.44
189 350 11.68
189 358 16.68
189 359 4.14
189 401 7.59
189 430 19.42
189 452 9.96
189 457 8.52
189 492 1.03
190 217 2.64
190 256 18.48
190 262 14.77
190 265 12.57
190 275 16.76
190 278 5.23
190 321 5.69
190 340 11.78
190 405 19.87
190 417 8.74
190 432 11.29
190 433 15.47
190 474 5.55
191 197 13.22
191 198 3.12
191 214 3.01
191 237 8.02
191 266 17.55
191 283 14.19
191 290 17.13
191 301 13.53
191 322 5.3
191 323 2.44
191 328 3.46
191 378 13.82
191 383 17.54
191 452 1.38
191 466 7.47
191 476 3.44
191 481 15.97
191 490 15.21
191 496 1.13
192 217 15.47
192 226 1.08
192 249 12.35
192 286 1.67
192 293 8.91
192 315 11.3
192 324 5.18
192 327 16.9
192 346 15.32
192 357 9.88
192 436 1.49
192 441 17.24
192 450 15.64
192 474 13.99
192 477 18.41
193 197 12.53
193 201 11.87
193 206 11.59
193 250 3.66
193 254 12.59
193 255 18.03
193 265 3.97
193 286 3.13
193 374 18.19
193 390 12.16
193 391 4.21
193 463 16.68
194 202 3.98
194 204 8.3
194 217 10.26
194 245 3.05
194 268 3.07
194 300 13.12
194 305 12.92
194 348 1.74
194 353 17.25
194 356 14.85
194 364 11.58
194 366 12.06
194 373 5.38
194 376 5.81
194 383 15.38
194 423 14.25
194 425 13.35
194 434 10.31
194 449 8.28
194 450 17.41
194 455 7.22
194 469 2.12
195 213 17.86
195 227 11.68
195 233 15.39
195 238 14.98
195 257 11.5
195 263 14.72
195 273 4.53
195 309 13.36
195 359 2.28
195 360 3.24
195 418 19.55
195 420 5.71
195 463 10.43
195 471 8.68
195 487 2.97
196 222 18.12
196 223 12.94
196 242 14.24
196 243 10.32
196 287 6.76
196 295 19.09
196 347 6.78
196 348 7.26
196 360 12.36
196 362 2.19
196 432 15.11
196 459 8.98
196 472 15.97
196 474 1.09
196 478 10.29
196 490 8.69
196 496 19.25
197 202 1.29
197 205 7.4
197 212 8.62
197 242 19.65
197 261 4.4
197 263 12.23
197 269 10.79
197 287 10.05
197 291 18.2
197 351 15.33
197 353 13.18
197 354 7.18
197 357 1.3
197 368 19.27
197 387 6.3
197 390 18.88
197 417 5.51
197 472 15.87
197 474 6.81
198 210 17.7
198 212 13.17
198 220 14.08
198 227 5.49
198 230 17.01
198 238 3.29
198 321 13.1
198 345 5.96
198 375 8.04
198 419 13.46
198 420 10.6
198 436 12.0
198 438 12.42
198 464 12.11
198 499 2.83
199 216 16.55
199 222 2.94
199 223 14.69
199 226 12.66
199 235 9.8
199 281 16.53
199 304 15.14
199 314 17.23
199 325 10.11
199 332 3.87
199 403 4.94
199 414 10.77
199 417 19.99
199 420 4.92
199 445 12.49
199 458 1.47
199 466 4.49
199 469 8.2
199 476 3.89
200 220 7.52
200 225 14.07
200 235 8.54
200 265 7.25
200 266 10.34
200 284 10.25
200 317 4.24
200 321 6.46
200 339 13.99
200 356 12.44
200 369 15.71
200 379 13.76
200 384 13.56
200 435 11.08
200 490 4.66
200 500 9.68
201 222 8.96
201 227 10.27
201 257 13.96
201 291 2.56
201 295 15.99
201 342 13.14
201 362 14.5
201 363 12.18
201 382 15.03
201 410 6.72
201 435 13.7
201 446 13.79
201 473 7.22
201 478 18.3
201 492 11.5
202 203 8.33
202 227 15.68
202 259 2.66
202 279 11.35
202 297 9.7
202 299 17.39
202 319 18.47
202 329 15.88
202 345 2.44
202 354 13.12
202 385 15.46
202 387 8.71
202 390 5.49
202 394 8.95
202 405 17.97
202 409 19.96
202 428 15.73
202 438 14.79
202 475 17.42
202 481 16.7
203 223 7.21
203 288 6.72
203 296 9.96
203 321 13.94
203 325 17.82
203 327 3.61
203 342 9.51
203 360 5.54
203 362 1.12
203 377 15.15
203 402 15.2
203 420 11.63
203 423 16.23
203 426 7.23
203 439 15.06
203 440 12.3
203 454 9.91
203 495 2.35
204 225 13.12
204 238 3.8
204 256 12.16
204 257 14.84
204 279 11.22
204 297 17.6
204 299 11.64
204 313 14.01
204 346 15.25
204 357 13.86
204 358 9.65
204 434 5.1
204 456 5.54
204 468 5.97
204 472 7.33
204 480 1.55
205 220 17.15
205 250 4.37
205 262 6.45
205 269 1.24
205 298 6.12
205 308 9.46
205 320 15.52
205 331 11.14
205 374 13.3
205 388 1.89
205 419 4.44
205 438 6.67
205 444 6.6
205 458 11.81
205 470 13.6
206 207 5.53
206 213 5.98
206 214 18.24
206 219 15.15
206 247 7.05
206 263 2.38
206 272 9.27
206 274 18.94
206 283 5.9
206 316 14.06
206 329 6.55
206 341 3.15
206 381 15.98
206 389 19.37
206 401 17.73
206 419 15.89
206 437 2.11
207 218 3.93
207 240 10.42
207 243 17.4
207 274 8.48
207 281 7.55
207 295 5.23
207 301 2.26
207 320 15.89
207 322 18.77
207 363 17.82
207 364 3.11
207 389 19.42
207 419 13.15
207 455 16.5
207 470 6.18
207 494 10.54
208 249 10.39
208 275 18.76
208 288 8.17
208 292 11.5
208 357 13.26
208 380 18.13
208 389 11.79
208 396 13.36
208 461 18.12
208 471 1.75
208 492 15.16
209 212 9.72
209 216 1.72
209 266 1.51
209 274 17.79
209 307 4.36
209 308 19.23
209 342 13.83
209 383 10.26
209 441 1.67
209 458 2.67
209 469 2.58
209 491 9.53
210 219 12.17
210 226 12.63
210 230 13.02
210 251 15.74
210 253 11.31
210 254 13.71
210 264 11.36
210 268 14.75
210 273 19.65
210 295 1.14
210 367 2.61
210 404 19.47
210 418 8.99
210 431 13.0
210 432 13.86
210 446 17.47
210 465 15.09
210 491 8.62
211 223 14.21
211 234 13.41
211 250 9.2
211 258 10.43
211 327 8.22
211 332 7.19
211 337 12.04
211 369 5.23
211 375 15.35
211 377 6.35
211 409 2.44
211 428 7.32
211 429 10.42
211 443 1.36
211 444 5.44
211 450 11.89
211 466 13.72
211 486 14.69
212 234 16.17
212 241 18.78
212 246 12.02
212 253 13.56
212 257 10.12
212 317 10.4
212 319 9.87
212 333 12.89
212 341 9.0
212 372 10.39
212 402 8.9
212 414 17.58
212 415 6.47
212 426 7.15
212 443 13.92
212 491 9.93
213 217 4.9
213 226 12.8
213 262 5.78
213 276 10.82
213 297 6.95
213 386 10.52
213 399 11.15
213 408 4.84
213 435 5.09
213 449 6.27
213 475 9.42
213 497 14.21
214 278 8.26
214 287 7.67
214 331 5.57
214 347 12.78
214 369 17.73
214 371 1.66
214 372 8.46
214 423 10.02
214 459 9.13
214 486 2.67
214 490 11.35
214 493 16.93
215 218 6.9
215 237 6.64
215 248 4.92
215 265 18.62
215 298 8.25
215 341 19.53
215 349 16.82
215 366 15.95
215 373 14.89
215 375 13.47
215 467 7.79
216 219 10.92
216 230 6.3
216 236 5.72
216 263 12.05
216 330 7.99
216 372 5.29
216 382 14.48
216 399 4.1
216 414 9.43
216 421 4.96
216 485 10.86
217 232 2.75
217 278 10.76
217 316 16.01
217 352 14.89
217 416 17.74
217 437 10.95
217 446 14.6
217 456 4.1
217 466 5.08
217 470 1.86
217 491 6.72
218 235 15.7
218 247 10.6
218 254 16.19
218 296 16.41
218 309 2.43
218 346 14.81
218 411 6.41
218 436 8.11
219 222 16.12
219 232 13.37
219 240 11.41
219 250 18.36
219 258 3.55
219 270 2.03
219 278 1.71
219 326 2.4
219 368 9.34
219 372 6.19
219 425 9.19
219 431 3.94
219 444 11.74
219 454 9.63
219 490 13.95
220 230 18.78
220 231 6.71
220 235 10.8
220 239 6.48
220 312 10.9
220 361 12.61
220 378 5.35
220 412 10.64
220 414 2.07
220 431 2.22
220 439 10.03
220 460 3.78
220 478 3.73
220 492 4.76
221 251 2.43
221 291 5.73
221 295 8.43
221 302 14.57
221 318 18.3
221 335 14.52
221 339 7.64
221 348 3.47
221 367 4.73
221 380 1.51
221 381 10.11
221 386 4.68
221 391 3.81
221 399 4.85
221 403 12.02
221 424 10.79
221 440 10.56
222 236 3.48
222 258 17.69
222 259 1.68
222 291 15.36
222 320 19.67
222 325 7.69
222 328 8.43
222 346 8.12
222 351 11.76
222 412 3.6
222 419 13.38
222 429 14.52
222 431 15.52
222 456 11.03
222 487 7.75
223 243 1.04
223 252 4.31
223 260 13.13
223 278 18.68
223 310 9.9
223 316 16.5
223 338 18.27
223 372 8.72
223 375 2.66
223 396 16.98
223 407 16.15
223 410 2.6
223 411 3.48
223 427 7.22
223 433 7.94
223 443 15.62
223 455 4.8
223 476 6.53
223 499 3.02
224 243 17.57
224 274 14.41
224 275 2.41
224 311 2.69
224 329 11.08
224 331 9.02
224 344 3.11
224 350 17.03
224 367 11.27
224 401 17.38
224 425 8.54
224 428 14.84
224 441 6.67
224 446 10.35
224 459 4.79
224 462 19.05
224 496 10.19
225 238 17.89
225 273 1.96
225 285 9.43
225 286 15.52
225 291 11.95
225 335 4.61
225 358 8.26
225 387 5.99
225 388 11.4
225 429 2.64
225 430 11.38
225 438 14.67
225 495 11.97
225 500 19.65
226 244 3.78
226 256 2.18
226 259 6.13
226 296 1.18
226 297 2.92
226 340 7.13
226 367 12.67
226 435 1.33
226 444 13.31
226 445 15.6
226 489 19.91
227 249 8.88
227 296 14.7
227 312 3.49
227 324 2.54
227 326 16.14
227 369 8.23
227 371 9.0
227 379 11.33
227 394 11.75
227 406 8.0
227 412 1.76
227 421 1.39
227 454 11.95
227 456 9.69
227 486 14.11
227 494 16.52
227 495 17.28
227 497 16.1
228 241 5.18
228 278 16.89
228 314 15.21
228 396 10.13
228 421 14.3
228 444 11.48
228 488 3.29
229 243 6.69
229 363 3.72
229 414 3.38
229 436 2.3
229 448 6.28
229 456 5.03
229 476 12.28
229 490 5.68
230 233 5.82
230 234 17.1
230 275 16.25
230 278 8.43
230 308 9.5
230 335 5.65
230 425 14.18
230 427 16.03
230 481 7.44
230 486 17.73
230 495 9.61
231 262 17.93
231 264 7.27
231 274 18.05
231 275 18.91
231 284 12.6
231 331 2.08
231 343 12.63
231 345 10.19
231 365 11.12
231 369 5.75
231 377 15.65
231 413 10.07
231 442 5.48
231 494 1.75
232 241 10.31
232 247 13.3
232 254 4.79
232 263 17.74
232 264 14.86
232 294 6.29
232 324 18.5
232 372 13.73
232 377 16.8
232 381 18.23
232 385 7.78
232 423 4.41
232 464 19.76
233 236 14.06
233 276 4.34
233 317 2.68
233 328 17.94
233 356 15.31
233 366 16.65
233 393 4.05
233 437 13.55
233 492 10.86
234 254 7.66
234 272 2.23
234 276 15.88
234 306 15.23
234 326 13.19
234 384 10.01
234 395 11.75
234 405 3.99
234 461 6.41
234 465 10.02
234 489 8.31
234 497 5.7
235 246 11.3
235 267 7.4
235 310 8.68
235 319 16.07
235 325 17.3
235 385 8.37
235 414 10.44
235 438 8.85
235 475 4.51
235 482 14.95
236 260 5.32
236 270 1.55
236 284 2.65
236 352 3.47
236 354 1.38
236 357 7.58
236 369 7.89
236 454 12.2
236 455 14.43
236 457 19.82
236 463 14.39
236 465 13.47
236 500 8.65
237 242 17.71
237 279 12.17
237 283 3.77
237 287 6.56
237 289 8.35
237 295 13.53
237 307 14.92
237 321 13.82
237 355 3.59
237 408 7.22
237 414 8.2
237 486 2.75
237 500 16.06
238 253 13.99
238 284 19.41
238 322 8.61
238 345 8.88
238 365 2.29
238 370 6.02
238 419 1.07
238 422 15.62
238 433 4.83
238 442 12.44
238 455 19.7
238 469 3.61
238 480 9.14
238 488 2.98
238 500 12.6
239 293 9.31
239 295 17.81
239 308 7.59
239 327 17.9
239 358 16.89
239 363 2.8
239 385 16.23
239 399 6.06
239 405 16.29
239 410 8.71
239 426 15.89
239 430 10.45
239 436 8.96
239 455 5.35
239 456 17.83
239 464 1.42
239 468 14.38
240 297 3.5
240 308 15.45
240 338 18.02
240 341 7.68
240 342 17.46
240 381 13.33
240 414 13.61
240 437 6.6
240 451 15.08
240 490 17.43
241 269 2.27
241 284 12.69
241 311 6.51
241 352 4.32
241 362 16.37
241 382 3.12
241 387 5.72
241 423 10.24
241 442 7.77
241 461 10.78
241 474 12.5
241 476 9.28
241 495 12.51
242 251 8.14
242 258 19.76
242 301 3.17
242 312 8.28
242 333 11.55
242 369 7.48
242 392 9.24
242 409 15.65
242 424 1.83
242 459 19.05
242 484 1.5
242 487 4.98
243 286 12.12
243 298 5.07
243 314 18.14
243 320 2.55
243 384 9.65
243 385 4.2
243 406 6.41
243 439 13.47
243 442 1.63
243 445 8.15
243 480 7.89
243 489 6.67
244 257 11.68
244 267 12.24
244 317 5.8
244 336 15.49
244 339 19.1
244 362 4.38
244 368 13.46
244 369 7.65
244 426 11.66
244 442 2.45
244 470 11.77
244 473 18.9
244 498 15.48
245 267 4.39
245 281 10.0
245 342 8.75
245 349 15.1
245 383 10.15
245 387 9.55
245 398 16.85
245 399 3.39
245 441 1.17
245 469 19.8
245 481 11.24
246 266 4.55
246 269 3.52
246 272 17.62
246 298 19.13
246 326 9.7
246 330 6.19
246 346 9.92
246 351 3.47
246 366 19.04
246 375 8.19
246 378 17.23
246 439 10.1
246 442 16.28
246 464 6.36
246 469 7.06
246 477 14.1
246 488 6.33
246 489 9.93
247 255 4.82
247 277 12.47
247 283 7.59
247 284 16.02
247 311 11.77
247 312 9.72
247 373 11.75
247 382 16.01
247 412 9.53
247 423 1.24
247 426 8.4
247 441 10.69
247 450 2.46
247 477 3.46
247 481 9.7
248 256 16.42
248 280 4.39
248 284 6.86
248 306 4.6
248 318 4.06
248 370 17.39
248 376 5.39
248 377 18.87
248 392 2.5
248 405 8.22
248 448 18.44
248 453 4.64
248 473 11.83
248 493 4.59
248 495 2.78
248 497 6.27
249 250 19.02
249 301 3.14
249 314 13.46
249 352 16.72
249 383 17.22
249 393 5.57
249 398 12.59
249 434 5.08
249 471 4.08
250 252 15.61
250 265 19.66
250 271 6.5
250 327 3.33
250 337 13.34
250 353 9.17
250 356 5.46
250 394 14.49
250 401 13.67
250 402 13.59
250 427 13.68
250 472 6.46
250 491 14.7
251 270 1.2
251 280 1.56
251 325 4.4
251 335 11.52
251 336 9.59
251 352 2.59
251 369 8.78
251 371 2.76
251 409 9.04
251 414 15.65
251 433 5.8
251 448 9.85
251 450 5.03
251 462 3.28
251 464 18.59
251 471 3.71
251 477 11.1
251 482 4.85
251 483 5.01
252 255 17.91
252 310 18.37
252 318 12.35
252 321 17.86
252 356 18.67
252 358 12.58
252 383 13.76
252 415 9.66
252 473 19.07
253 264 17.24
253 304 7.82
253 306 4.0
253 311 16.42
253 319 10.53
253 329 17.65
253 367 3.11
253 388 7.52
253 393 4.79
253 400 9.63
253 407 2.68
253 412 3.05
253 421 3.94
253 440 10.94
253 484 13.0
253 495 3.26
253 497 8.93
254 277 12.24
254 289 17.1
254 312 2.81
254 317 17.75
254 347 10.66
254 356 16.46
254 428 5.33
254 438 10.11
254 452 2.99
254 459 10.12
254 477 5.99
254 480 19.52
254 487 15.44
255 278 9.6
255 282 17.84
255 310 7.06
255 325 15.11
255 395 10.99
255 423 13.26
255 425 4.66
255 449 11.1
255 466 15.1
255 486 7.33
255 496 15.77
256 258 19.91
256 288 5.05
256 328 3.99
256 361 1.88
256 362 3.92
256 379 14.52
256 411 16.96
256 431 5.28
256 434 1.07
256 459 3.52
256 463 18.68
256 472 10.37
256 480 19.7
256 483 5.95
256 490 14.45
257 275 8.34
257 284 9.01
257 305 3.28
257 321 4.48
257 352 6.45
257 401 16.22
257 428 13.48
257 482 19.49
258 360 13.4
258 428 7.0
258 435 11.18
258 437 13.23
258 475 2.39
258 490 1.88
259 270 2.83
259 330 5.63
259 333 12.13
259 337 1.14
259 357 10.92
259 386 10.59
259 412 16.39
259 427 16.21
259 448 3.63
259 494 7.26
260 264 4.58
260 292 19.81
260 312 18.97
260 344 13.41
260 364 1.49
260 464 5.07
261 264 14.02
261 265 3.94
261 275 16.06
261 310 18.46
261 313 17.7
261 319 13.37
261 354 3.74
261 357 17.14
261 405 3.77
261 410 1.29
261 425 4.69
261 452 12.93
261 453 14.74
261 456 17.85
261 464 3.81
261 470 5.78
262 283 4.27
262 291 5.53
262 438 14.35
262 447 8.58
262 481 2.49
263 341 13.9
263 342 5.37
263 343 5.72
263 356 14.94
263 360 6.38
263 370 16.34
263 378 11.36
263 389 5.6
263 397 14.61
263 417 19.37
263 463 17.01
263 464 7.13
263 493 13.66
264 283 17.26
264 284 2.17
264 293 19.43
264 315 10.79
264 338 7.05
264 361 1.19
264 400 10.22
264 402 14.8
264 462 15.23
265 287 13.75
265 294 13.52
265 314 10.18
265 320 12.61
265 336 6.68
265 347 18.42
265 409 12.34
265 413 18.98
265 488 5.98
266 277 8.24
266 303 5.75
266 326 7.46
266 344 13.37
266 364 2.35
266 408 5.97
266 457 12.22
266 462 13.68
266 498 5.89
267 283 19.73
267 288 9.47
267 294 8.09
267 440 18.75
267 452 6.44
267 462 15.35
267 474 16.32
268 279 16.72
268 285 13.88
268 317 12.42
268 345 13.38
268 356 9.13
268 359 5.75
268 394 8.9
268 424 3.95
268 426 5.65
268 429 13.96
268 433 15.58
268 467 4.79
268 488 4.07
268 490 5.07
269 322 11.04
269 323 10.99
269 336 14.94
269 341 8.65
269 361 5.66
269 394 16.84
269 430 1.75
269 432 1.57
269 452 11.38
269 472 15.1
269 495 18.55
269 500 9.44
270 320 6.1
270 322 1.53
270 391 4.56
270 455 9.51
270 466 8.8
270 474 7.15
270 491 14.9
270 492 18.79
271 307 18.81
271 377 8.11
271 390 12.2
271 393 9.43
271 430 15.81
271 438 10.03
271 442 12.32
271 460 13.44
271 463 18.84
271 500 12.41
272 275 9.3
272 286 16.78
272 291 12.93
272 293 16.64
272 303 3.33
272 338 3.64
272 389 17.04
272 392 4.32
272 401 4.33
272 417 5.14
272 434 6.38
272 451 10.36
272 474 2.75
273 321 14.86
273 331 16.6
273 386 2.29
273 389 14.68
273 398 15.57
273 434 11.27
273 461 7.38
274 299 12.36
274 339 5.74
274 341 6.15
274 358 8.04
274 382 8.8
274 395 5.67
274 405 12.89
274 430 19.6
274 455 16.43
274 487 8.19
274 496 2.33
275 279 3.44
275 292 13.39
275 312 15.74
275 324 4.88
275 335 14.65
275 344 10.79
275 360 16.28
275 362 16.33
275 377 16.18
275 388 18.95
275 392 16.55
275 446 12.98
275 450 10.89
275 472 4.16
275 480 5.17
276 298 13.12
276 315 15.53
276 318 4.44
276 343 11.04
276 351 5.56
276 359 16.25
276 370 16.52
276 381 11.22
276 400 9.68
276 420 13.62
276 430 14.45
276 479 1.48
276 481 16.16
277 278 4.4
277 286 5.71
277 291 8.37
277 306 11.53
277 335 16.61
277 347 19.56
277 350 10.55
277 359 18.65
277 362 9.83
277 365 13.56
277 394 17.07
277 440 12.9
277 495 18.48
278 282 14.24
278 375 7.96
278 378 17.88
278 381 17.33
278 456 12.78
278 491 16.59
279 284 5.66
279 294 12.06
279 313 9.41
279 348 17.32
279 367 6.66
279 371 5.02
279 393 2.34
279 414 1.72
279 420 13.63
279 456 7.03
279 459 9.15
279 498 4.58
280 294 17.64
280 297 13.76
280 310 10.91
280 312 14.96
280 344 11.8
280 365 6.93
280 373 2.87
280 389 12.35
280 432 14.7
280 436 6.5
280 500 11.42
281 332 11.1
281 348 2.0
281 349 7.68
281 418 3.65
281 428 1.3
281 439 17.54
281 440 12.06
281 462 1.81
281 472 2.04
281 475 10.79
282 283 7.17
282 299 10.42
282 315 9.33
282 319 6.01
282 348 9.97
282 362 11.74
282 375 7.31
282 398 6.35
282 406 5.93
282 486 2.2
283 308 15.58
283 322 1.34
283 369 10.44
283 403 17.99
283 419 19.54
283 449 2.12
283 451 15.52
283 465 4.24
283 469 12.83
284 286 12.1
284 288 14.52
284 351 15.88
284 364 14.07
284 371 12.66
284 395 12.11
284 400 12.51
284 435 10.22
284 445 1.06
284 448 13.63
284 455 1.01
284 466 17.79
284 488 6.77
284 494 7.99
285 307 3.79
285 328 4.2
285 333 3.32
285 334 16.33
285 339 19.2
285 356 1.24
285 361 14.05
285 382 5.13
285 399 18.7
285 400 16.87
285 417 1.01
285 484 9.83
285 500 18.31
286 293 8.22
286 322 16.66
286 354 2.06
286 403 12.82
286 450 4.03
286 451 15.37
286 471 4.93
287 293 18.51
287 314 1.53
287 321 13.4
287 334 4.09
287 377 8.47
287 383 17.1
287 391 8.13
287 408 15.55
287 414 2.89
287 437 16.82
287 472 16.64
287 481 19.6
287 491 4.49
288 318 19.95
288 404 7.76
288 413 7.24
288 465 15.91
288 467 16.77
288 485 17.39
288 487 11.55
289 337 5.31
289 357 7.79
289 359 13.65
289 370 10.82
289 376 19.44
289 379 16.32
289 396 1.58
289 399 9.92
289 438 5.55
289 455 17.49
289 462 1.02
289 498 2.54
290 299 10.93
290 317 9.9
290 337 4.43
290 344 12.87
290 346 17.78
290 356 9.07
290 358 3.78
290 359 17.31
290 364 10.48
290 481 1.54
291 336 2.52
291 352 15.18
291 353 2.99
291 370 12.73
291 393 9.13
291 430 15.61
291 458 18.69
291 497 16.65
291 498 16.88
292 302 4.0
292 321 10.34
292 354 13.19
292 364 1.31
292 382 7.39
292 406 15.09
292 407 2.68
292 409 18.59
292 417 5.25
292 439 3.9
292 464 8.82
292 466 4.81
292 474 7.71
292 476 17.94
292 491 7.87
293 305 12.55
293 306 17.41
293 311 11.88
293 326 19.98
293 342 12.68
293 395 7.64
293 416 7.96
293 447 12.22
293 448 11.12
293 473 19.79
293 474 12.33
294 296 14.66
294 313 6.44
294 331 9.82
294 362 7.36
294 441 19.85
294 456 17.7
294 457 13.35
294 490 9.3
295 323 16.48
295 344 18.66
295 360 13.47
295 362 3.83
295 385 11.86
295 387 12.32
295 394 10.86
295 406 5.29
295 450 7.42
295 462 18.67
295 463 10.87
295 469 7.97
296 336 15.6
296 343 13.75
296 370 17.03
296 372 16.17
296 380 12.98
296 404 8.67
296 414 10.13
296 421 16.72
296 475 13.06
297 325 2.95
297 383 3.97
297 394 8.85
297 411 10.91
297 450 12.93
297 460 16.63
297 488 19.79
297 495 5.37
297 498 19.53
298 354 9.91
298 384 17.99
298 397 9.52
298 398 18.99
299 307 15.1
299 364 4.72
299 368 1.81
299 375 17.73
299 376 9.63
299 378 13.52
299 417 17.7
299 421 8.16
299 425 11.68
299 426 8.54
299 428 4.28
299 481 1.96
300 348 8.99
300 354 4.62
300 362 17.41
300 378 10.33
300 391 19.48
300 401 5.2
300 406 11.98
300 409 10.59
300 419 15.3
300 445 3.16
300 453 1.49
300 462 8.59
300 463 18.79
300 491 19.02
301 315 10.52
301 355 19.42
301 377 5.46
301 383 7.62
301 398 10.39
301 420 3.5
301 451 8.04
301 459 10.54
301 498 2.63
302 330 3.79
302 336 1.79
302 339 3.32
302 347 5.87
302 371 8.79
302 423 5.6
302 433 1.67
302 500 6.97
303 311 12.73
303 315 5.07
303 332 18.57
303 342 12.82
303 347 11.84
303 349 12.24
303 353 12.58
303 366 9.9
303 437 14.35
303 438 5.18
303 453 12.66
303 456 3.07
303 465 12.74
303 474 4.04
303 484 4.39
303 490 6.11
303 494 17.86
304 305 17.43
304 313 2.43
304 315 9.68
304 327 1.84
304 330 15.65
304 347 6.04
304 410 9.73
304 423 14.16
304 432 18.96
304 489 15.34
305 354 14.15
305 403 3.12
305 433 17.79
305 436 14.49
305 443 19.49
305 489 18.55
305 497 13.06
306 316 11.12
306 326 10.79
306 335 6.73
306 353 17.95
306 360 16.9
306 373 12.47
306 398 3.09
306 411 16.26
306 433 12.21
306 435 11.89
306 457 12.78
306 486 1.6
306 490 1.63
307 327 9.13
307 343 1.8
307 389 6.2
307 424 16.26
307 435 15.62
307 442 5.17
307 446 1.13
307 472 7.58
307 474 18.73
307 494 14.33
308 379 13.5
308 401 8.78
308 459 7.78
308 485 15.61
308 492 13.08
308 497 5.35
308 500 19.91
309 319 16.39
309 326 7.92
309 333 10.91
309 344 5.75
309 460 14.97
310 311 15.44
310 334 17.68
310 347 10.45
310 374 15.5
310 381 17.51
310 385 1.6
310 391 4.07
310 392 15.8
310 406 10.9
310 414 19.84
310 437 1.6
310 459 8.09
310 469 17.69
310 475 10.97
310 486 11.94
311 318 17.04
311 372 9.98
311 377 17.48
311 380 9.31
311 424 4.03
311 434 2.12
311 483 10.67
311 487 10.65
312 318 7.81
312 336 3.46
312 345 12.11
312 367 18.87
312 382 11.4
312 414 18.38
312 415 16.41
312 442 11.62
312 443 1.36
312 467 12.26
312 477 5.82
312 484 19.98
313 324 17.49
313 363 11.11
313 441 15.41
313 460 12.16
314 320 2.89
314 337 2.94
314 343 5.55
314 346 15.52
314 379 8.73
314 383 9.51
314 400 5.44
314 415 10.56
314 429 9.57
314 439 19.87
314 444 1.51
314 466 15.81
314 479 11.26
314 486 3.95
314 488 7.45
314 492 12.05
315 342 18.85
315 343 9.93
315 383 10.75
315 463 7.3
315 489 12.93
316 337 10.68
316 360 7.79
316 373 11.64
316 382 16.11
316 406 18.32
316 411 9.66
316 412 5.82
316 433 5.82
316 459 3.94
316 483 3.22
316 485 17.95
317 321 14.75
317 366 10.62
317 387 13.15
317 425 11.15
317 445 9.48
317 452 18.44
317 474 3.32
317 476 19.86
318 342 12.6
318 347 16.89
318 364 9.6
318 402 13.16
318 424 13.95
318 469 1.37
318 486 15.51
319 335 4.36
319 337 5.59
319 352 2.99
319 370 16.7
319 390 10.94
319 409 12.26
319 461 14.87
319 481 6.08
320 344 13.73
320 377 19.22
320 422 19.19
320 479 1.05
321 337 9.18
321 367 11.57
321 368 4.22
321 414 3.65
321 427 7.43
321 428 10.46
321 435 6.62
321 447 13.86
321 471 10.95
321 473 16.22
322 338 12.4
322 368 12.06
322 387 8.24
322 391 6.73
322 392 8.28
322 417 18.7
322 425 6.38
322 443 16.08
322 444 7.38
322 455 19.41
322 457 15.65
322 460 7.93
322 480 9.14
322 492 5.77
322 497 10.85
323 340 5.6
323 358 2.17
323 365 5.89
323 377 6.91
323 383 7.33
323 399 8.46
323 412 18.47
323 414 9.55
323 438 17.94
323 479 18.17
323 486 6.1
324 347 7.22
324 389 5.87
324 416 8.03
324 442 9.87
324 460 3.38
324 471 9.61
324 483 16.03
324 495 9.03
325 342 9.5
325 353 16.08
325 363 15.67
325 367 5.32
325 380 1.1
325 392 1.81
325 425 6.69
325 442 3.92
325 445 12.76
325 450 16.71
325 487 10.48
325 488 17.78
326 331 2.43
326 353 2.0
326 427 12.7
326 478 7.38
326 488 19.14
327 332 3.94
327 368 13.14
327 372 10.98
327 380 8.3
327 384 10.23
327 420 5.32
328 349 5.25
328 371 2.41
328 376 4.34
328 384 17.87
328 398 19.47
328 423 11.52
328 430 19.2
328 463 13.75
329 330 12.8
329 333 2.65
329 335 17.82
329 362 3.03
329 366 10.05
329 369 14.57
329 374 5.34
329 385 1.98
329 405 5.7
329 419 13.85
329 424 1.55
329 425 6.86
329 472 1.93
329 486 15.14
329 489 12.31
329 496 9.12
330 335 3.19
330 377 16.27
330 401 3.42
330 420 9.76
330 425 8.75
330 428 12.54
330 434 18.05
330 460 5.28
330 470 1.96
331 378 5.76
331 435 14.63
331 461 3.52
331 491 4.76
332 369 8.34
332 419 15.05
332 424 5.41
332 450 15.99
332 461 6.37
332 485 2.86
332 493 11.57
332 496 1.75
332 499 10.67
333 353 4.63
333 356 1.39
333 359 15.25
333 415 16.44
333 420 9.89
333 461 3.48
333 489 7.39
333 494 10.7
334 338 1.6
334 344 12.43
334 347 16.76
334 367 5.22
334 392 5.79
334 399 18.95
334 437 6.84
334 438 6.46
334 441 17.76
334 442 12.84
334 500 11.72
335 354 19.57
335 365 14.42
335 379 13.62
335 386 5.62
335 393 17.03
335 401 17.26
335 412 15.62
335 426 14.66
335 428 2.04
335 458 7.63
335 485 12.33
335 491 14.38
336 341 10.5
336 378 10.22
336 391 8.01
336 396 12.49
336 424 19.27
336 429 2.83
336 457 17.35
337 345 8.05
337 470 15.12
337 491 16.57
338 345 7.51
338 357 5.32
338 367 4.73
338 371 11.98
338 386 17.23
338 443 10.14
338 449 18.39
338 452 15.78
338 466 4.64
338 483 7.65
339 355 8.51
339 361 14.52
339 382 17.28
339 390 16.95
339 401 15.93
340 373 13.88
340 385 3.58
340 390 10.54
340 398 9.89
340 412 10.4
340 430 19.33
340 444 15.56
340 447 1.98
341 349 9.11
341 354 8.07
341 356 3.84
341 399 5.22
341 400 3.1
341 409 14.94
341 477 2.06
341 480 19.92
342 344 16.2
342 350 12.11
342 358 1.24
342 363 10.89
342 397 6.88
342 400 14.93
342 410 3.05
342 417 7.19
342 450 3.86
342 460 19.68
342 470 19.51
342 489 14.63
342 496 9.27
343 346 16.1
343 370 10.44
343 379 10.44
343 433 10.6
343 438 19.09
344 367 17.46
344 408 2.06
344 432 9.18
344 467 10.29
344 470 8.03
344 491 17.18
345 375 7.23
345 385 7.38
345 392 10.69
345 431 18.54
346 358 17.06
346 417 19.24
346 434 1.64
346 439 2.45
346 452 11.73
346 458 12.13
346 459 18.63
346 485 14.99
346 486 12.35
346 496 19.45
347 366 13.52
347 377 9.72
347 380 18.04
347 400 3.58
347 420 12.56
347 423 15.04
347 438 2.25
347 444 5.92
347 449 6.72
348 349 17.77
348 353 12.44
348 374 1.22
348 396 14.45
348 418 6.64
348 431 16.96
348 480 5.57
349 390 18.92
349 398 5.2
350 360 14.24
350 383 9.73
350 387 4.27
350 394 3.3
350 408 19.73
350 428 1.38
350 442 9.66
350 444 6.27
350 468 7.84
350 472 4.13
351 376 13.97
351 394 5.13
351 407 11.81
351 409 4.07
351 415 4.67
351 428 12.35
351 435 12.34
351 441 1.65
351 445 13.61
351 446 14.91
351 449 5.58
351 454 7.82
351 457 6.09
351 463 12.25
351 466 19.53
352 394 8.17
352 447 18.63
352 457 19.15
352 469 8.42
352 484 5.36
353 356 15.17
353 407 6.42
353 415 1.94
353 436 12.05
353 459 9.24
353 460 15.01
353 472 4.6
353 477 9.38
353 489 4.44
353 492 4.19
354 361 1.68
354 366 11.61
354 377 1.73
354 389 12.22
354 407 1.1
354 411 17.08
354 417 12.68
354 430 14.78
354 447 15.49
354 476 12.09
354 477 4.69
354 491 5.16
356 371 14.3
356 374 13.41
356 394 11.27
356 424 10.04
356 442 11.6
356 458 2.6
356 487 2.33
356 496 12.5
356 500 15.76
357 385 4.53
357 460 15.34
358 365 3.11
358 448 10.41
358 470 3.46
359 410 1.74
359 433 16.96
359 471 16.2
359 482 14.56
360 404 13.44
360 430 13.99
360 453 7.44
360 465 18.67
360 486 4.68
360 487 16.81
361 368 18.3
361 435 8.03
361 439 3.9
361 444 3.66
361 479 17.02
361 486 14.72
361 492 13.83
361 497 8.51
361 498 13.87
362 396 17.84
362 431 15.79
362 467 9.24
362 474 5.52
362 487 17.23
363 367 14.3
363 382 7.19
363 410 7.57
363 428 1.63
363 433 11.91
363 459 7.63
364 381 14.68
364 460 1.15
364 500 2.88
365 366 8.4
365 450 19.68
365 453 7.27
365 470 15.54
365 478 16.44
365 487 13.4
365 488 18.44
366 494 2.27
366 499 5.12
367 386 18.65
367 388 9.81
367 397 12.11
367 407 7.74
367 477 2.35
368 405 15.55
368 409 4.78
368 438 19.52
368 451 2.4
368 466 18.99
369 376 12.42
369 387 18.18
369 408 5.12
369 411 6.28
369 441 2.59
369 477 10.49
369 478 7.03
370 378 5.1
370 408 14.33
370 464 16.92
370 469 11.1
370 475 2.68
370 479 2.74
371 372 6.8
371 380 9.12
371 403 14.8
371 491 1.06
372 377 2.93
372 393 4.47
372 394 9.87
372 413 10.44
372 425 6.36
372 453 11.72
372 479 4.64
372 482 8.41
372 486 10.29
372 487 17.69
373 400 16.98
373 405 16.34
373 407 11.31
373 415 14.7
373 441 9.46
373 449 1.59
373 499 15.67
374 377 2.21
374 411 14.31
374 425 7.99
374 471 11.91
374 477 11.82
375 376 8.91
375 384 14.64
375 391 18.24
375 407 10.46
375 412 6.82
375 419 8.4
375 426 5.43
375 429 17.91
375 455 9.67
375 466 12.07
375 469 14.29
375 482 2.93
376 396 8.42
376 433 15.66
376 445 9.98
376 448 8.08
376 452 17.14
376 466 11.79
376 476 19.68
377 386 1.78
377 406 4.83
377 434 15.74
377 462 4.13
377 485 16.8
377 488 15.03
378 380 2.43
378 407 8.01
378 412 14.58
378 429 12.73
378 431 7.69
378 442 9.03
378 469 5.63
378 471 4.2
379 383 17.41
379 394 13.65
379 454 1.73
379 481 8.12
379 492 19.34
380 416 10.88
380 417 1.34
380 427 16.64
380 449 13.49
380 496 2.96
381 402 12.55
381 408 13.1
381 409 15.81
381 418 7.32
382 425 4.51
382 441 5.96
382 451 1.44
382 453 4.21
382 482 5.01
382 485 1.93
382 495 14.15
383 395 5.45
383 419 14.27
383 442 10.06
383 446 16.1
383 453 14.12
384 422 14.3
384 440 16.25
384 459 1.53
384 460 4.17
384 463 18.92
384 468 19.3
384 470 3.53
384 487 15.62
385 387 18.68
385 389 10.76
385 395 14.59
385 424 4.48
385 444 10.27
385 449 11.79
385 454 3.98
385 475 4.38
386 407 7.25
386 423 11.75
386 429 13.81
386 431 1.17
386 484 12.0
387 390 14.0
387 463 17.86
387 497 10.53
387 499 6.14
388 396 9.84
388 402 18.75
388 427 17.96
388 428 10.18
388 429 9.82
388 431 12.49
388 433 11.92
388 438 4.56
388 474 12.91
388 475 2.47
388 485 17.69
388 490 4.42
388 498 9.82
388 500 6.02
389 395 9.49
389 410 14.43
389 442 9.53
389 449 1.45
389 455 4.18
389 465 4.4
389 476 19.42
389 491 9.19
389 500 11.39
390 431 11.12
390 495 15.56
390 500 3.11
391 435 5.17
391 449 11.13
391 464 12.05
391 472 8.91
391 494 9.88
392 421 6.85
392 427 13.92
392 463 16.08
392 478 7.41
392 484 10.36
392 486 13.41
393 397 15.19
393 416 6.98
393 422 19.71
393 430 10.07
393 431 11.32
393 464 13.98
393 486 17.17
393 488 7.23
393 491 1.59
394 413 15.28
394 464 18.1
394 468 19.91
394 469 11.55
395 411 18.24
395 441 8.97
395 457 2.88
395 469 18.44
395 475 3.49
395 488 6.99
396 420 12.78
396 423 16.33
396 424 14.75
396 434 12.48
396 442 3.2
396 445 19.55
396 470 4.41
397 415 19.32
397 416 9.72
397 462 12.77
397 490 18.6
398 410 19.0
398 433 14.88
398 498 14.35
399 412 8.26
399 422 11.62
400 420 10.86
400 456 19.46
400 458 4.87
400 470 4.29
400 473 13.74
401 420 12.85
401 431 15.18
401 434 18.52
401 435 14.58
401 476 15.2
401 486 19.48
401 490 14.81
402 426 8.91
402 449 14.51
402 472 12.11
402 484 14.88
402 496 8.77
403 419 9.18
403 425 13.11
403 477 3.23
404 417 6.04
404 424 15.04
404 426 15.35
404 427 19.81
404 439 16.77
404 443 18.04
404 458 5.68
404 465 7.71
404 481 4.71
404 485 10.74
404 488 16.32
405 425 11.29
405 462 5.77
405 477 11.44
405 500 11.29
406 432 17.9
406 436 2.67
406 476 15.67
407 422 10.85
407 428 14.24
407 430 8.92
407 431 7.87
407 434 5.54
407 435 2.83
407 436 5.53
407 440 5.59
408 416 18.31
408 446 5.69
408 462 13.76
408 479 11.56
408 490 4.33
408 494 4.41
408 498 18.89
408 500 1.82
409 420 11.61
409 436 8.98
409 459 16.83
409 485 19.72
409 486 6.53
409 497 5.37
409 499 3.33
410 425 11.34
410 432 15.42
410 493 15.01
411 427 8.86
411 461 18.29
411 495 16.35
411 496 19.36
412 425 9.66
412 427 1.97
412 450 5.68
412 454 6.29
412 458 12.8
412 481 1.38
413 434 14.94
413 456 9.05
414 434 5.62
414 436 4.39
414 476 2.61
414 490 10.69
415 434 6.48
415 446 3.57
415 462 2.17
415 464 3.84
415 465 14.35
415 492 1.92
415 493 16.75
415 496 13.87
416 435 19.56
416 438 2.04
416 440 18.02
416 448 4.58
416 452 11.79
416 460 9.0
416 484 5.27
417 433 17.7
417 434 12.21
417 448 14.6
417 471 1.6
417 474 18.7
417 486 15.54
418 441 18.35
418 459 13.89
418 460 1.86
419 424 8.27
419 427 9.01
419 428 19.28
419 439 4.17
419 466 7.02
419 482 8.97
420 428 4.27
420 437 15.3
420 439 15.4
420 479 10.53
420 497 6.67
421 423 15.7
421 424 16.35
421 447 8.56
421 464 8.23
421 497 1.41
422 433 6.55
422 449 11.19
422 454 18.34
422 468 3.52
422 490 13.06
423 478 12.57
423 494 12.53
424 452 14.0
424 480 16.7
424 485 6.8
424 489 10.91
424 499 7.35
425 441 4.44
425 457 5.61
425 494 7.09
426 437 14.17
427 439 17.71
427 440 10.12
427 466 18.09
428 431 18.47
428 435 3.24
428 449 14.47
428 451 18.76
428 480 5.76
428 486 7.95
428 493 9.24
428 497 15.59
429 434 4.92
429 444 16.79
429 448 4.08
429 465 6.52
429 475 18.19
430 478 14.07
430 495 11.09
431 432 12.31
431 434 16.72
431 436 3.72
431 479 7.83
431 488 4.68
432 439 16.58
432 481 13.3
432 490 13.17
432 497 10.88
432 499 18.71
433 449 16.03
433 487 15.29
434 436 3.77
434 449 2.15
434 475 12.95
435 459 16.59
435 483 6.5
436 454 7.57
436 465 8.43
436 473 15.8
436 480 7.97
436 497 1.26
436 498 12.92
437 441 8.56
437 459 4.53
437 487 4.09
438 457 14.97
438 475 15.05
438 487 18.13
439 451 9.21
439 470 13.16
439 482 16.06
440 467 4.44
440 497 11.92
441 454 12.68
441 466 16.47
441 480 9.04
441 485 1.66
441 494 9.82
442 445 1.18
442 479 10.82
442 498 8.26
443 446 4.83
443 453 9.86
443 488 1.86
443 500 12.79
444 487 2.35
445 459 16.9
445 464 8.01
445 468 2.31
445 482 18.42
446 450 13.41
446 475 9.36
447 448 13.14
447 456 3.94
447 461 12.31
448 461 5.4
448 487 2.3
448 495 5.49
449 454 1.55
449 459 11.06
449 474 10.0
449 478 13.07
449 500 5.62
450 454 8.1
450 476 2.23
451 482 8.78
452 453 14.78
452 495 2.15
452 498 5.13
453 474 6.01
453 485 15.16
453 489 17.1
454 488 10.73
455 462 19.92
455 469 10.32
455 491 18.29
457 460 19.46
459 494 3.37
460 491 10.48
461 494 19.68
461 496 6.03
462 464 9.81
462 483 15.22
462 495 6.5
464 466 7.36
464 470 11.91
464 476 19.14
464 483 9.84
464 494 11.36
465 466 18.54
465 488 7.28
465 489 7.12
466 491 4.92
467 486 2.71
467 490 17.11
469 481 15.43
469 482 11.05
469 491 13.42
469 494 10.61
471 477 8.62
471 487 5.83
471 488 13.36
472 493 3.6
473 475 10.55
473 483 14.08
473 485 3.75
475 485 9.0
475 493 11.28
476 494 2.09
477 481 15.33
478 482 4.59
478 493 3.66
478 497 11.09
479 483 7.05
480 482 11.39
481 483 5.03
483 491 1.04
485 486 15.48
485 487 17.63
485 488 18.24
485 498 8.36
487 491 1.38
487 493 18.7
489 498 12.65
491 498 12.09
491 499 14.01
492 496 8.41
492 500 9.38
